0.459447 1106
0.459325 1106
0.459205 1106
0.459094 1106
0.458837 1106
0.458717 1106
0.458592 1106
0.458592 1105
0.458582 1104
0.458454 1104
0.458334 1104
0.458204 1104
0.458083 1104
0.457963 1104
0.457835 1104
0.457687 1104
0.457567 1104
0.457437 1104
0.457331 1104
0.45733 1103
0.457214 1103
0.457113 1103
0.45698 1103
0.456861 1103
0.456712 1103
0.456594 1103
0.456477 1103
0.456468 1102
0.456322 1102
0.45619 1102
0.45619 1101
0.455933 1101
0.455838 1101
0.455719 1101
0.455719 1100
0.45559 1100
0.455467 1100
0.455215 1100
0.455104 1100
0.455104 1099
0.454895 1099
0.454895 1098
0.454784 1098
0.454661 1098
0.45465 1097
0.454511 1097
0.454511 1096
0.454384 1096
0.454267 1096
0.454143 1096
0.454013 1096
0.453895 1096
0.453768 1096
0.453768 1095
0.453631 1095
0.453502 1095
0.453377 1095
0.453234 1095
0.453101 1095
0.453101 1094
0.453101 1093
0.452969 1093
0.452969 1092
0.452854 1092
0.452705 1092
0.452569 1091
0.452437 1091
0.452302 1091
0.452181 1091
0.452053 1091
0.452053 1090
0.451939 1090
0.451939 1089
0.451824 1089
0.451678 1089
0.451678 1088
0.451545 1088
0.451545 1087
0.451398 1087
0.451398 1086
0.451321 1085
0.45119 1085
0.451071 1085
0.450953 1085
0.450829 1085
0.450697 1085
0.450558 1085
0.45042 1085
0.450284 1085
0.450154 1085
0.450023 1085
0.449932 1084
0.449804 1084
0.449677 1084
0.449677 1083
0.449559 1083
0.449559 1082
0.449457 1082
0.449328 1082
0.449197 1082
0.449078 1082
0.448962 1082
0.448846 1082
0.448729 1082
0.448615 1082
0.448506 1082
0.448359 1082
0.448359 1081
0.448225 1081
0.448093 1081
0.448093 1080
0.447957 1080
0.447832 1080
0.447691 1080
0.44755 1080
0.447465 1080
0.447206 1080
0.447072 1080
0.447072 1079
0.446951 1079
0.446951 1078
0.446812 1078
0.446724 1077
0.446613 1077
0.446613 1076
0.446613 1075
0.446483 1075
0.44635 1075
0.44635 1074
0.44635 1073
0.446218 1073
0.446091 1073
0.445965 1073
0.44584 1073
0.445727 1073
0.445606 1073
0.445488 1073
0.445427 1073
0.445427 1072
0.445288 1072
0.445147 1072
0.445031 1072
0.444908 1072
0.444908 1071
0.444769 1071
0.444769 1070
0.444674 1069
0.44454 1069
0.444419 1069
0.444297 1069
0.444155 1069
0.444038 1069
0.443778 1069
0.443638 1069
0.443541 1069
0.443414 1069
0.443414 1068
0.443286 1068
0.443171 1068
0.443155 1067
0.443047 1067
0.44288 1066
0.442732 1066
0.442607 1066
0.442607 1065
0.442607 1063
0.442607 1062
0.442481 1062
0.442352 1062
0.442227 1062
0.442094 1062
0.441956 1062
0.44183 1062
0.441731 1062
0.441598 1062
0.441483 1062
0.441355 1062
0.441089 1062
0.441089 1061
0.440952 1061
0.44082 1061
0.44082 1060
0.4407 1060
0.440558 1060
0.44043 1060
0.440309 1060
0.440182 1060
0.440059 1060
0.439922 1060
0.439776 1060
0.439648 1060
0.439648 1059
0.439529 1059
0.439411 1059
0.439411 1058
0.43928 1058
0.439169 1058
0.439017 1058
0.439017 1057
0.438749 1057
0.438637 1057
0.438501 1057
0.438371 1057
0.438254 1056
0.438254 1055
0.438235 1055
0.438126 1055
0.438007 1055
0.438006 1054
0.437877 1054
0.437763 1054
0.437647 1054
0.437647 1053
0.437647 1052
0.437574 1051
0.437482 1050
0.437445 1049
0.437321 1049
0.437208 1049
0.437072 1049
0.436952 1049
0.436831 1049
0.436704 1049
0.436568 1049
0.436454 1048
0.436325 1048
0.436186 1048
0.436039 1048
0.435919 1048
0.435919 1047
0.435919 1046
0.435919 1045
0.435669 1045
0.435542 1045
0.4354 1045
0.435294 1045
0.435164 1045
0.435029 1045
0.434898 1045
0.434759 1045
0.434636 1045
0.434503 1045
0.434249 1045
0.434114 1045
0.433983 1045
0.433884 1045
0.433779 1045
0.433646 1045
0.433524 1045
0.433388 1045
0.433269 1045
0.433125 1045
0.432982 1045
0.432982 1044
0.432856 1044
0.432856 1043
0.432856 1042
0.432597 1042
0.432597 1041
0.432465 1041
0.432336 1041
0.43221 1041
0.432086 1041
0.431964 1041
0.431842 1041
0.431701 1041
0.431665 1041
0.431526 1041
0.431398 1041
0.43127 1041
0.431129 1041
0.431039 1040
0.430906 1040
0.430767 1040
0.430767 1039
0.430767 1038
0.430767 1037
0.430648 1037
0.430526 1037
0.430399 1037
0.430262 1037
0.430129 1037
0.430129 1036
0.430129 1035
0.430004 1035
0.4299 1035
0.429797 1035
0.429797 1034
0.429657 1034
0.42954 1034
0.429414 1034
0.429259 1034
0.429259 1033
0.429151 1033
0.429151 1032
0.428995 1032
0.428861 1032
0.428859 1030
0.428724 1030
0.428583 1030
0.4287 1028
0.428587 1028
0.428587 1027
0.428448 1027
0.428321 1027
0.428196 1027
0.428079 1027
0.428079 1026
0.427947 1026
0.427819 1026
0.427693 1026
0.427565 1026
0.427565 1025
0.427426 1025
0.427288 1025
0.427288 1024
0.427154 1024
0.427154 1023
0.427024 1023
0.426893 1023
0.426777 1023
0.426659 1023
0.426522 1023
0.426402 1023
0.426293 1023
0.42616 1023
0.426155 1022
0.42602 1022
0.425891 1022
0.425891 1021
0.425788 1021
0.425788 1020
0.425651 1020
0.425535 1020
0.425404 1019
0.425262 1019
0.425138 1019
0.425009 1019
0.425009 1018
0.424887 1018
0.424747 1018
0.424616 1018
0.424481 1018
0.424343 1018
0.424218 1018
0.424218 1017
0.424218 1016
0.424092 1016
0.423944 1016
0.423804 1016
0.423679 1016
0.423562 1016
0.423562 1014
0.423484 1013
0.423367 1013
0.42324 1013
0.423123 1013
0.422983 1013
0.422849 1013
0.422849 1012
0.422741 1012
0.4226 1012
0.422456 1012
0.422313 1012
0.422185 1012
0.42205 1012
0.42205 1011
0.421938 1011
0.421812 1011
0.421812 1010
0.421812 1009
0.421669 1009
0.421555 1009
0.421438 1009
0.421319 1009
0.421078 1009
0.420944 1009
0.420803 1009
0.420678 1009
0.420556 1009
0.420436 1009
0.420436 1008
0.420436 1007
0.420302 1007
0.420302 1006
0.42018 1006
0.420057 1006
0.419932 1006
0.419802 1006
0.419665 1006
0.419665 1005
0.419528 1005
0.419401 1005
0.419171 1004
0.419044 1004
0.419044 1003
0.41892 1003
0.418792 1003
0.418678 1002
0.418527 1002
0.418416 1002
0.418308 1002
0.418174 1002
0.418036 1002
0.418036 1001
0.417926 1001
0.417805 1001
0.417805 1000
0.417805 999
0.41768 999
0.417545 999
0.417427 999
0.417288 999
0.417158 999
0.417158 998
0.417043 998
0.416914 998
0.416914 997
0.416785 997
0.416656 997
0.416578 997
0.416472 997
0.416335 997
0.416202 997
0.416064 997
0.415909 997
0.415774 997
0.415639 997
0.415511 997
0.415385 997
0.41525 997
0.41513 997
0.415 997
0.414864 997
0.414738 997
0.414673 996
0.414537 996
0.414414 996
0.414162 996
0.414162 995
0.414035 995
0.413918 995
0.413918 994
0.41379 994
0.413671 994
0.413576 993
0.413576 992
0.413576 991
0.413431 991
0.413295 991
0.413176 991
0.413065 991
0.412938 991
0.412808 991
0.412691 991
0.412563 991
0.412438 991
0.412438 990
0.412306 990
0.412191 990
0.412072 990
0.411952 990
0.411952 989
0.411817 989
0.411817 988
0.411707 988
0.411563 988
0.411437 988
0.41132 988
0.41119 988
0.411064 988
0.410934 988
0.410812 988
0.410686 988
0.410686 987
0.410565 987
0.410565 986
0.410435 986
0.410311 986
0.410195 986
0.410195 985
0.410195 984
0.410099 983
0.409988 983
0.409723 983
0.409599 983
0.409481 983
0.409348 983
0.409222 983
0.409222 982
0.409091 982
0.408958 982
0.408823 981
0.408695 981
0.408695 980
0.408546 980
0.408419 980
0.408419 979
0.408273 979
0.408138 979
0.407991 979
0.407855 979
0.407717 979
0.407717 978
0.407603 978
0.407603 977
0.407473 977
0.407355 977
0.407213 977
0.407078 977
0.407078 976
0.406946 976
0.406946 975
0.406824 975
0.406699 975
0.406699 974
0.406571 974
0.406445 974
0.406307 974
0.406171 974
0.406037 974
0.406037 973
0.406037 972
0.405923 972
0.405794 971
0.405637 971
0.405509 971
0.405388 970
0.405388 969
0.405247 969
0.40512 969
0.404982 968
0.404858 968
0.404738 968
0.404616 968
0.404489 968
0.404489 967
0.404366 967
0.404244 967
0.404122 966
0.404122 965
0.403989 965
0.40396 964
0.403823 964
0.403571 961
0.403427 961
0.403301 961
0.403301 960
0.403163 960
0.403038 960
0.402897 960
0.40278 960
0.40278 959
0.40278 958
0.40278 957
0.402635 957
0.402505 957
0.402384 957
0.402243 956
0.402105 956
0.401968 956
0.40182 956
0.401693 956
0.401552 956
0.401415 956
0.401279 956
0.401036 956
0.400909 956
0.400776 956
0.400659 956
0.400404 956
0.400282 956
0.400152 956
0.400017 956
0.400017 955
0.399892 955
0.39976 955
0.39976 954
0.399646 954
0.399646 953
0.399528 953
0.399386 953
0.399386 952
0.39928 952
0.39915 952
0.399035 952
0.398896 952
0.398896 951
0.398896 950
0.398779 950
0.398661 950
0.396172 936
0.396049 936
0.395922 936
0.395789 936
0.39566 936
0.395525 936
0.395402 936
0.395269 935
0.395146 935
0.395016 935
0.39489 935
0.394763 935
0.394634 935
0.394618 934
0.394491 934
0.39436 934
0.394228 934
0.394228 933
0.394105 933
0.393976 933
0.393976 932
0.393976 931
0.393848 931
0.393705 931
0.393592 931
0.393471 931
0.393471 930
0.393335 930
0.393212 930
0.39313 929
0.393008 929
0.392897 929
0.392773 929
0.392644 929
0.392516 929
0.392387 929
0.392387 928
0.392259 928
0.392153 928
0.392032 928
0.391912 928
0.391783 928
0.39167 928
0.391587 927
0.39135 926
0.391097 926
0.391097 925
0.390983 925
0.390859 925
0.390727 925
0.390579 925
0.390459 925
0.390339 925
0.390237 925
0.390112 925
0.389968 925
0.389948 924
0.389839 924
0.389773 924
0.389773 923
0.389773 922
0.38964 922
0.389499 922
0.389367 922
0.389367 921
0.389346 920
0.389219 920
0.389082 920
0.389001 920
0.388863 920
0.388744 920
0.388624 920
0.388488 920
0.38836 920
0.388228 920
0.388103 920
0.38786 920
0.387729 920
0.387594 920
0.387475 920
0.387475 919
0.387475 917
0.387344 917
0.38725 916
0.387135 916
0.387018 916
0.386974 915
0.386962 914
0.386825 914
0.386686 913
0.386686 912
0.386686 911
0.386559 911
0.386418 911
0.386362 910
0.386231 910
0.386098 909
0.385957 909
0.385806 909
0.385675 909
0.385544 909
0.385428 908
0.385313 908
0.385197 908
0.385197 907
0.385062 907
0.38494 907
0.384814 907
0.384814 906
0.384691 906
0.384565 906
0.384565 905
0.384436 905
0.384315 905
0.384193 905
0.384193 904
0.384056 904
0.383911 904
0.383775 904
0.383653 904
0.383527 904
0.3834 904
0.383154 904
0.383029 904
0.383029 903
0.382896 903
0.382795 903
0.382674 903
0.38253 903
0.382405 903
0.382282 903
0.382153 903
0.382153 902
0.382027 902
0.382027 901
0.381891 901
0.381763 901
0.381632 901
0.381507 901
0.381507 900
0.381362 900
0.381223 900
0.381223 899
0.381223 898
0.381117 898
0.38098 898
0.380849 898
0.380724 898
0.380724 897
0.380582 897
0.380467 897
0.380377 896
0.380247 896
0.380118 896
0.380118 895
0.379974 895
0.379835 895
0.379705 895
0.379705 894
0.379566 894
0.379433 894
0.379433 893
0.379316 893
0.379316 892
0.379178 892
0.379041 892
0.3789 892
0.3789 891
0.3789 890
0.378796 889
0.37867 889
0.378531 889
0.378531 888
0.378409 888
0.37828 888
0.378136 888
0.378006 888
0.377878 888
0.37775 888
0.377625 888
0.377512 888
0.377398 888
0.377266 888
0.377131 888
0.377131 887
0.376995 887
0.376873 887
0.376756 887
0.376626 887
0.376505 887
0.376429 886
0.376429 885
0.376429 884
0.376317 884
0.376182 884
0.37593 884
0.375873 883
0.375761 883
0.37563 883
0.375507 883
0.375365 883
0.375365 882
0.375231 882
0.374961 882
0.374829 882
0.374693 882
0.374563 882
0.374431 882
0.374431 881
0.374323 881
0.374175 881
0.374026 881
0.373906 881
0.373906 880
0.373893 879
0.37363 879
0.373492 879
0.373361 879
0.373231 879
0.373115 879
0.372997 879
0.372864 879
0.372864 878
0.372787 877
0.372665 877
0.372536 877
0.372405 877
0.372287 877
0.372152 877
0.372152 876
0.372014 876
0.371878 876
0.371739 876
0.37161 876
0.371478 876
0.371354 876
0.371232 876
0.371128 876
0.370994 876
0.370866 876
0.370725 876
0.370607 876
0.370489 876
0.370489 875
0.370363 875
0.370261 875
0.370261 874
0.370125 874
0.370008 874
0.369862 874
0.369739 874
0.369605 874
0.369485 874
0.369485 873
0.369397 872
0.36927 872
0.369139 872
0.369037 872
0.369037 871
0.368896 871
0.368896 870
0.368769 870
0.368635 870
0.368635 869
0.368505 869
0.368418 869
0.368297 869
0.368176 869
0.368176 868
0.368176 866
0.368046 866
0.367914 866
0.367791 866
0.367569 865
0.367439 865
0.367315 865
0.367188 865
0.367188 864
0.367066 864
0.366941 864
0.366941 863
0.366803 863
0.366666 863
0.366535 863
0.366415 863
0.36629 863
0.366249 862
0.36612 862
0.365976 862
0.365845 862
0.365845 861
0.365845 860
0.36573 860
0.36573 859
0.36573 858
0.365606 858
0.365484 858
0.365484 857
0.365483 856
0.36535 856
0.36535 855
0.365217 855
0.365217 854
0.365106 854
0.365106 853
0.364971 853
0.364836 853
0.364705 853
0.364572 853
0.364439 853
0.364317 853
0.364317 852
0.364196 852
0.364066 852
0.36393 852
0.36393 851
0.363794 851
0.363668 851
0.363552 851
0.363415 851
0.363269 851
0.363142 851
0.363053 850
0.362942 850
0.362941 849
0.362805 849
0.362686 849
0.362597 848
0.362452 848
0.362323 848
0.362217 848
0.362183 847
0.362183 846
0.362051 846
0.361912 846
0.361912 845
0.361683 845
0.361683 844
0.361415 844
0.361295 844
0.361295 842
0.361211 841
0.361211 840
0.361066 840
0.360937 840
0.360829 840
0.360697 840
0.360582 840
0.360582 839
0.360447 839
0.360177 839
0.360177 838
0.36005 838
0.359911 838
0.359773 838
0.359773 837
0.359647 837
0.359518 837
0.359385 837
0.359265 836
0.359171 835
0.35904 835
0.358909 835
0.358909 834
0.358796 834
0.358658 834
0.358534 834
0.358403 834
0.358261 834
0.358151 834
0.358151 833
0.357878 833
0.35772 833
0.357595 833
0.357462 833
0.35746 832
0.357318 832
0.357166 832
0.357166 831
0.357037 831
0.357037 830
0.357037 829
0.35691 829
0.356768 829
0.356648 829
0.356528 829
0.356404 829
0.356276 829
0.356153 829
0.356011 829
0.355883 829
0.355771 828
0.355653 828
0.355521 828
0.355259 828
0.355259 827
0.355259 826
0.355147 826
0.355025 826
0.354778 826
0.354653 826
0.354554 826
0.354424 826
0.354287 826
0.354137 826
0.354137 825
0.353992 825
0.353861 825
0.353733 825
0.353733 824
0.353598 824
0.353452 824
0.353303 824
0.353302 823
0.353302 822
0.353169 822
0.353057 822
0.352922 822
0.352805 822
0.35267 822
0.352546 822
0.352401 822
0.352279 822
0.352279 821
0.352156 821
0.352024 821
0.351893 821
0.351762 821
0.351624 821
0.351624 820
0.351624 819
0.35149 819
0.351365 819
0.351234 819
0.351105 819
0.351105 818
0.350978 818
0.350978 817
0.350843 817
0.350714 817
0.350714 816
0.350577 816
0.350445 816
0.350297 816
0.350182 816
0.350182 815
0.350182 814
0.350055 814
0.350055 813
0.349945 813
0.349824 813
0.349691 813
0.349569 813
0.34944 813
0.349301 813
0.349162 813
0.349066 812
0.349066 811
0.349066 810
0.348942 810
0.348831 810
0.348705 810
0.348569 810
0.348448 810
0.348448 809
0.348448 808
0.348311 808
0.348311 807
0.348174 807
0.347899 807
0.347774 807
0.34765 807
0.347534 807
0.347534 806
0.347408 806
0.347284 806
0.347164 806
0.347048 806
0.346919 806
0.346655 806
0.346527 806
0.346527 805
0.346396 805
0.346273 805
0.346136 805
0.346029 805
0.345896 805
0.345766 805
0.345629 805
0.34549 805
0.345373 805
0.34524 805
0.34524 804
0.345114 804
0.344998 804
0.344971 803
0.344843 803
0.344724 803
0.344724 802
0.34459 802
0.344436 802
0.344297 802
0.344167 802
0.344043 802
0.343904 802
0.343769 802
0.343635 802
0.343635 801
0.343509 801
0.343509 800
0.34338 800
0.343243 800
0.343126 800
0.34299 800
0.342877 800
0.34273 800
0.342614 800
0.342467 800
0.342336 800
0.342206 800
0.342077 800
0.341947 800
0.341838 800
0.341592 800
0.341475 800
0.341475 799
0.341341 799
0.341093 799
0.340998 798
0.340881 798
0.340751 798
0.340635 798
0.34052 798
0.340375 798
0.340239 798
0.340114 798
0.339972 798
0.339726 798
0.339592 798
0.339592 797
0.33949 797
0.339357 797
0.339227 797
0.339227 796
0.339102 796
0.339102 795
0.339102 794
0.339102 793
0.338991 793
0.338866 793
0.338751 793
0.338609 793
0.33847 793
0.338343 793
0.338219 793
0.338075 793
0.337973 793
0.337971 792
0.337726 792
0.337586 792
0.337586 791
0.337451 791
0.337451 790
0.337375 789
0.337253 789
0.337133 789
0.336895 789
0.336766 789
0.336624 789
0.336624 788
0.336513 788
0.336396 788
0.336265 788
0.336265 787
0.336139 787
0.336014 787
0.335895 787
0.335781 787
0.335664 787
0.335553 787
0.335442 787
0.335334 787
0.335201 787
0.335065 787
0.335065 786
0.334953 786
0.334953 785
0.334818 785
0.334702 785
0.334578 785
0.334443 785
0.334316 785
0.3342 785
0.334073 785
0.334073 784
0.334073 783
0.333969 783
0.333849 783
0.33372 783
0.333598 783
0.333463 783
0.33334 783
0.33321 782
0.333096 782
0.333096 781
0.332968 781
0.332841 781
0.33272 781
0.332603 781
0.33249 781
0.332368 781
0.332366 780
0.332238 780
0.332042 779
0.331915 779
0.331789 779
0.331655 779
0.331545 779
0.331545 778
0.33142 778
0.33142 777
0.331412 776
0.331271 776
0.331171 776
0.33104 776
0.33104 775
0.330921 775
0.330804 775
0.330697 775
0.330551 775
0.330405 775
0.33014 775
0.330004 775
0.329871 775
0.329871 774
0.329871 773
0.329738 773
0.32962 773
0.329377 773
0.32926 773
0.329139 773
0.329018 773
0.329018 772
0.328878 772
0.328758 772
0.328758 771
0.328624 771
0.328486 771
0.328347 771
0.32825 771
0.328123 771
0.328123 770
0.328052 769
0.328052 768
0.328052 767
0.327927 767
0.3278 767
0.327663 767
0.327536 767
0.32741 767
0.32741 766
0.32728 766
0.32728 765
0.327157 765
0.327041 765
0.326909 765
0.326775 765
0.326775 764
0.326659 764
0.326527 764
0.326527 763
0.326527 762
0.326383 762
0.326253 762
0.326127 762
0.326111 761
0.325975 761
0.325833 761
0.325724 761
0.325587 761
0.325583 760
0.325462 760
0.325462 759
0.325344 759
0.325335 758
0.325209 758
0.325209 757
0.325078 757
0.324939 757
0.324846 757
0.324703 757
0.324591 757
0.324465 757
0.324345 757
0.324213 757
0.324213 756
0.324085 756
0.323989 755
0.323867 755
0.323745 755
0.323631 755
0.323503 755
0.323372 755
0.323245 755
0.323136 755
0.323136 754
0.323008 754
0.322875 754
0.32274 754
0.322622 754
0.322472 754
0.322344 754
0.322238 754
0.322099 754
0.321973 754
0.321843 754
0.321843 753
0.321734 753
0.321607 753
0.321474 753
0.321327 753
0.321218 753
0.321088 753
0.320969 753
0.320969 752
0.320835 752
0.320717 752
0.320699 751
0.320699 750
0.320806 748
0.320655 748
0.320516 748
0.320388 748
0.320273 748
0.320154 748
0.32003 748
0.319876 748
0.319731 748
0.319587 748
0.319587 747
0.319587 746
0.319458 746
0.319324 746
0.319199 746
0.319081 746
0.318975 746
0.318838 746
0.318723 746
0.318597 746
0.318468 746
0.318332 746
0.318303 745
0.318043 745
0.317912 745
0.317809 745
0.317809 744
0.317688 744
0.31757 744
0.317436 744
0.317304 744
0.317192 744
0.317059 744
0.31691 744
0.316786 744
0.316658 744
0.316531 744
0.3164 744
0.316266 744
0.316135 744
0.315989 744
0.315851 744
0.315851 743
0.315851 742
0.315723 742
0.315596 742
0.315462 742
0.315462 741
0.315328 741
0.315208 741
0.315208 740
0.315208 739
0.315084 739
0.31494 739
0.31484 739
0.314791 738
0.314791 737
0.31465 737
0.314532 737
0.314417 737
0.314314 737
0.314188 737
0.314065 737
0.313924 737
0.313797 737
0.3137 736
0.3137 735
0.3137 734
0.313563 734
0.313563 733
0.313439 733
0.31335 732
0.31322 732
0.313111 732
0.313005 732
0.312883 732
0.312738 732
0.312615 732
0.312368 732
0.312226 732
0.3121 732
0.3121 731
0.311969 731
0.311854 731
0.311722 731
0.311614 731
0.311614 730
0.311488 730
0.31135 730
0.311344 729
0.311217 729
0.311068 728
0.310962 728
0.310962 727
0.310953 726
0.310829 726
0.310717 726
0.31057 726
0.310429 726
0.310313 726
0.310169 726
0.310054 726
0.30983 726
0.309702 726
0.309702 725
0.30958 725
0.30945 725
0.309326 725
0.309211 725
0.309092 725
0.30897 725
0.30884 725
0.308681 725
0.308681 724
0.308681 723
0.308553 723
0.30843 723
0.308311 723
0.308311 722
0.308162 722
0.308041 722
0.307902 722
0.307902 721
0.307784 721
0.307784 720
0.307645 720
0.307544 720
0.307544 719
0.307394 719
0.307254 719
0.30713 719
0.307019 719
0.306884 719
0.306758 718
0.306645 718
0.306526 718
0.306412 718
0.306284 718
0.306021 718
0.305932 717
0.305803 717
0.305674 717
0.305544 717
0.305414 717
0.305414 716
0.305287 716
0.305176 716
0.305056 716
0.304918 716
0.304778 716
0.304778 715
0.304652 715
0.304539 715
0.304401 715
0.304287 715
0.303912 715
0.303801 715
0.303687 715
0.303557 715
0.303424 715
0.303424 714
0.303424 713
0.303294 713
0.303294 712
0.303192 712
0.303071 712
0.302969 712
0.302846 712
0.302723 712
0.302603 712
0.302467 712
0.30232 712
0.302303 711
0.302212 710
0.302086 710
0.301979 710
0.30189 710
0.30189 709
0.301759 709
0.301641 709
0.301514 709
0.30125 709
0.30125 708
0.301146 708
0.301034 708
0.30103 707
0.300901 707
0.300764 707
0.300637 707
0.300513 707
0.300404 707
0.300264 707
0.30014 707
0.3 707
0.3 706
0.299934 706
0.29981 706
0.29981 705
0.299686 705
0.299686 704
0.299562 704
0.299562 703
0.299441 703
0.299373 702
0.299373 701
0.299244 701
0.299242 700
0.299104 700
0.298965 700
0.298965 699
0.298823 699
0.298687 699
0.298554 699
0.298424 699
0.298289 699
0.298289 698
0.298156 698
0.298016 698
0.2979 698
0.297775 698
0.297659 698
0.297555 698
0.297421 698
0.297421 697
0.297285 697
0.297147 697
0.297017 697
0.296889 697
0.296774 697
0.296535 696
0.296414 696
0.296286 696
0.296018 696
0.295762 696
0.295651 696
0.295651 695
0.295651 694
0.295522 694
0.295522 693
0.295382 693
0.295364 692
0.295241 692
0.295241 691
0.295106 691
0.294969 691
0.294842 691
0.294724 691
0.294595 691
0.294473 691
0.294325 691
0.294208 691
0.294096 691
0.293988 691
0.293861 691
0.293724 691
0.293575 691
0.293575 690
0.293455 690
0.29332 690
0.293185 690
0.293062 690
0.292936 690
0.292795 690
0.292795 689
0.29266 689
0.292534 689
0.292418 689
0.29229 689
0.292173 689
0.292062 689
0.291953 689
0.291953 688
0.291827 688
0.291827 687
0.291729 687
0.291596 687
0.291463 687
0.291324 687
0.291324 686
0.291194 686
0.291068 686
0.290938 686
0.290805 686
0.290685 686
0.290685 685
0.290685 684
0.290562 684
0.290446 684
0.290334 684
0.290334 683
0.290211 683
0.29009 683
0.289945 683
0.289773 682
0.289631 682
0.289503 682
0.289381 682
0.289242 682
0.289242 681
0.289242 680
0.2891 680
0.288976 680
0.28885 680
0.288718 680
0.288718 679
0.288599 679
0.288466 679
0.288326 679
0.288207 679
0.288077 679
0.287943 679
0.287826 679
0.287688 679
0.28756 679
0.287417 679
0.287282 679
0.287282 678
0.287151 678
0.28703 678
0.286918 678
0.286812 678
0.286696 678
0.286582 678
0.286457 678
0.286331 678
0.286197 678
0.286067 678
0.285941 678
0.2858 678
0.2858 677
0.2858 676
0.2858 675
0.285672 675
0.285531 675
0.285391 675
0.285272 675
0.285137 675
0.284997 675
0.284886 675
0.284743 675
0.284617 675
0.284491 675
0.284491 674
0.284374 674
0.284241 674
0.284115 674
0.283978 674
0.283978 673
0.283978 672
0.283978 671
0.283846 671
0.283768 670
0.283639 670
0.283409 670
0.28328 670
0.28328 669
0.283153 669
0.283031 669
0.282914 669
0.282802 669
0.282661 669
0.282661 668
0.282517 668
0.282377 668
0.282258 668
0.282126 668
0.282004 668
0.282 667
0.281881 667
0.281738 667
0.281603 667
0.281496 667
0.28137 667
0.281241 667
0.281118 667
0.280987 667
0.280866 667
0.280745 667
0.280623 667
0.280509 667
0.280405 667
0.280405 666
0.280265 666
0.28016 666
0.280039 666
0.279912 666
0.279786 666
0.279786 665
0.27965 665
0.279516 665
0.279375 665
0.279257 665
0.279121 665
0.279016 665
0.278904 665
0.27876 665
0.278636 665
0.278504 664
0.278369 664
0.278265 664
0.278159 664
0.278034 664
0.27789 664
0.27789 663
0.277763 663
0.277629 663
0.277629 662
0.277526 662
0.277526 661
0.277471 660
0.277348 660
0.277199 660
0.277144 660
0.277087 660
0.276958 660
0.276833 660
0.276706 660
0.276589 660
0.276458 660
0.276458 659
0.276327 659
0.276221 659
0.276081 659
0.276081 658
0.276081 657
0.275944 657
0.275801 657
0.275801 656
0.275674 656
0.275526 656
0.275526 655
0.275401 655
0.275401 654
0.275266 654
0.27515 654
0.275027 654
0.274883 654
0.274762 654
0.274646 654
0.274511 654
0.274384 654
0.27426 654
0.274132 654
0.274005 654
0.273992 653
0.273856 653
0.273722 653
0.273584 653
0.273505 652
0.273386 652
0.273266 652
0.27314 652
0.273001 652
0.272852 652
0.272703 652
0.272621 651
0.272621 650
0.272499 650
0.272499 648
0.272362 648
0.272226 648
0.272097 648
0.271975 648
0.271842 648
0.271842 647
0.271842 646
0.271723 646
0.271612 646
0.271612 645
0.271345 645
0.271345 644
0.271222 644
0.271093 644
0.270965 644
0.270836 644
0.270723 644
0.270591 644
0.270591 643
0.270468 643
0.270332 643
0.270211 643
0.270092 643
0.269969 643
0.269823 643
0.26968 643
0.269551 643
0.269414 643
0.269283 643
0.269179 643
0.269053 643
0.268926 643
0.268926 642
0.268802 642
0.268686 642
0.268686 641
0.268686 640
0.26855 640
0.268419 640
0.268419 639
0.268296 639
0.268156 639
0.267904 639
0.267766 639
0.267666 639
0.267555 639
0.267555 638
0.267555 637
0.267555 636
0.267423 636
0.267323 636
0.267194 636
0.267059 636
0.266802 636
0.266672 636
0.266567 636
0.26644 636
0.266306 636
0.266175 636
0.266043 636
0.266043 635
0.265909 635
0.265802 635
0.265659 635
0.265527 635
0.265403 635
0.265403 634
0.265272 634
0.265129 634
0.265006 634
0.26487 634
0.26474 634
0.26474 633
0.264604 633
0.264484 633
0.264484 632
0.264352 632
0.264247 632
0.264247 631
0.264118 631
0.263966 631
0.263852 631
0.263715 631
0.263715 630
0.263604 630
0.263474 630
0.263348 630
0.26322 630
0.263089 630
0.262955 630
0.262955 629
0.262828 629
0.262717 629
0.262577 629
0.262442 629
0.262188 629
0.262188 628
0.262053 628
0.261908 628
0.261908 627
0.261789 627
0.261538 627
0.261406 627
0.26129 627
0.26129 626
0.261148 626
0.261009 626
0.260899 626
0.260765 626
0.260648 626
0.260523 626
0.260469 625
0.260328 625
0.260184 625
0.260073 625
0.259946 625
0.259808 625
0.259686 625
0.259582 625
0.259459 625
0.259227 625
0.259083 625
0.258968 625
0.258862 625
0.258736 625
0.258612 625
0.258484 625
0.258376 625
0.258376 624
0.258245 624
0.258119 624
0.257986 624
0.257855 624
0.257723 624
0.257723 623
0.257723 622
0.257602 622
0.257479 622
0.257342 622
0.257342 621
0.257221 621
0.257221 620
0.257217 619
0.2571 619
0.257031 618
0.256976 617
0.256828 617
0.256694 617
0.256688 616
0.256688 615
0.256554 615
0.256429 615
0.256314 615
0.25619 615
0.256119 614
0.255981 614
0.25585 614
0.255751 614
0.255751 613
0.255635 613
0.255519 613
0.255397 613
0.25525 613
0.255126 613
0.255051 612
0.25496 611
0.254841 611
0.254717 611
0.254582 611
0.254582 610
0.254454 610
0.254454 609
0.254346 609
0.254237 609
0.254146 608
0.254027 608
0.253898 608
0.253764 608
0.253764 607
0.25363 607
0.253488 607
0.253349 607
0.253211 607
0.253211 606
0.253093 606
0.252955 606
0.25282 606
0.252699 606
0.252566 606
0.252426 606
0.252295 606
0.25217 606
0.252035 606
0.251916 606
0.251801 606
0.251685 606
0.251685 605
0.251555 605
0.251555 604
0.251555 603
0.251555 602
0.251424 602
0.251315 602
0.251181 602
0.251181 601
0.251181 600
0.25104 600
0.250912 600
0.250777 600
0.250777 599
0.250777 598
0.250777 597
0.250654 597
0.250513 597
0.250376 597
0.250251 597
0.250251 596
0.250113 596
0.250006 596
0.249867 596
0.24972 596
0.24972 595
0.249584 595
0.249452 595
0.249323 595
0.249208 595
0.249073 595
0.24893 595
0.248825 595
0.248691 595
0.248555 595
0.248555 594
0.248423 594
0.248308 594
0.248053 594
0.247928 594
0.247792 594
0.247668 594
0.247545 594
0.247422 594
0.247422 593
0.247422 592
0.24732 592
0.247231 591
0.2471 591
0.246995 591
0.246995 590
0.24687 590
0.246742 590
0.246742 589
0.246548 588
0.246411 588
0.246284 588
0.246146 588
0.246018 588
0.246018 587
0.245885 587
0.245756 587
0.245636 587
0.245636 586
0.245511 586
0.245386 586
0.245248 586
0.245248 585
0.245141 585
0.245141 584
0.245025 584
0.244876 584
0.24476 584
0.244616 584
0.244481 584
0.244481 583
0.244481 582
0.244354 582
0.244223 582
0.244104 582
0.244104 581
0.244104 580
0.244104 579
0.24399 579
0.24399 578
0.243857 578
0.243737 578
0.243591 578
0.24346 578
0.24333 578
0.24333 577
0.243187 577
0.243061 577
0.242928 577
0.242784 577
0.242784 576
0.242686 576
0.242544 576
0.242417 576
0.242289 576
0.242275 575
0.24214 575
0.242005 575
0.241878 575
0.241752 575
0.241627 575
0.2415 575
0.241379 575
0.241379 574
0.241267 574
0.241144 574
0.241024 574
0.240916 574
0.240916 573
0.240916 572
0.240911 571
0.24078 571
0.240662 571
0.240532 571
0.240414 571
0.24028 571
0.24015 571
0.240014 571
0.240014 570
0.239879 570
0.239879 569
0.239744 569
0.239692 568
0.23957 568
0.239448 568
0.239312 568
0.239312 567
0.239179 567
0.239037 567
0.239037 566
0.238914 566
0.238794 566
0.23865 566
0.238513 566
0.238394 566
0.238254 566
0.238123 566
0.23801 566
0.237877 566
0.237745 566
0.237487 566
0.23748 565
0.237411 564
0.237282 564
0.237156 564
0.237015 564
0.236891 564
0.23675 564
0.236613 564
0.236492 564
0.236378 564
0.236378 563
0.236247 563
0.235999 563
0.235878 563
0.235761 563
0.235616 563
0.23548 563
0.23548 562
0.235357 562
0.235205 561
0.235076 561
0.234937 561
0.234937 560
0.234812 560
0.234683 560
0.234563 560
0.234436 560
0.234293 560
0.234176 560
0.234038 560
0.233919 560
0.233795 560
0.233664 560
0.233528 560
0.233528 559
0.233384 559
0.233362 558
0.233235 558
0.233127 558
0.233012 558
0.232904 558
0.232786 558
0.232641 558
0.232641 557
0.232506 557
0.23239 557
0.232269 557
0.232132 557
0.232001 557
0.231885 557
0.231752 557
0.231629 557
0.231483 557
0.231483 556
0.231483 555
0.231347 555
0.231214 555
0.231098 555
0.230968 555
0.230844 555
0.230709 555
0.230584 555
0.230455 555
0.230326 555
0.23019 555
0.230109 554
0.229971 554
0.229971 553
0.229853 553
0.229712 553
0.229575 553
0.229443 553
0.229364 552
0.229238 552
0.229103 552
0.228983 552
0.22887 552
0.22887 551
0.228747 551
0.228628 551
0.228628 550
0.2285 550
0.228361 550
0.228224 550
0.228224 549
0.228088 549
0.227961 549
0.227838 549
0.227736 549
0.227604 549
0.227474 549
0.227346 549
0.227238 549
0.22711 549
0.226984 549
0.226874 549
0.226874 548
0.226758 548
0.22662 548
0.226506 548
0.226391 548
0.226258 548
0.226258 547
0.22612 547
0.226005 547
0.225876 547
0.225745 547
0.225608 547
0.225482 547
0.225362 547
0.225303 546
0.225051 546
0.224907 546
0.224888 545
0.224763 545
0.224763 544
0.224763 543
0.224631 543
0.224489 543
0.224489 542
0.224362 542
0.224234 542
0.224116 542
0.22398 542
0.223869 542
0.22368 541
0.223542 541
0.223542 540
0.223542 539
0.223425 539
0.223306 539
0.223172 539
0.223043 539
0.222924 539
0.222924 538
0.222805 538
0.222691 538
0.222582 538
0.222474 538
0.222474 537
0.222369 537
0.222234 537
0.222234 536
0.222095 536
0.22196 536
0.221813 536
0.22166 536
0.22166 535
0.221522 535
0.221393 535
0.221393 534
0.22135 533
0.221213 533
0.221069 533
0.220951 533
0.22095 532
0.220658 532
0.220547 532
0.220428 532
0.220301 532
0.220301 531
0.220178 531
0.220045 531
0.219933 531
0.219712 530
0.219568 530
0.219453 530
0.219315 530
0.219176 530
0.218915 530
0.218795 530
0.218681 530
0.218563 530
0.218563 529
0.218433 529
0.218305 529
0.21817 529
0.218042 529
0.217892 529
0.217765 529
0.217726 528
0.217726 527
0.217612 527
0.21748 527
0.217347 527
0.217204 527
0.217204 526
0.217078 526
0.217078 525
0.216978 525
0.216858 525
0.216723 525
0.216612 525
0.21649 525
0.216361 525
0.216228 525
0.216225 524
0.21609 524
0.215973 524
0.215839 524
0.215724 524
0.21558 524
0.215332 524
0.21517 523
0.21517 522
0.215035 522
0.214922 522
0.21478 522
0.214658 522
0.214531 522
0.214395 522
0.214258 522
0.214127 522
0.214008 522
0.213855 522
0.213855 521
0.213746 521
0.213619 521
0.213498 521
0.213376 521
0.213376 520
0.213233 520
0.213105 520
0.213105 519
0.212964 519
0.212829 519
0.212829 518
0.212693 518
0.212583 518
0.212468 518
0.212325 518
0.212318 517
0.212193 517
0.212058 517
0.211921 517
0.211789 517
0.211664 517
0.211532 517
0.211403 517
0.211278 517
0.211278 516
0.211148 516
0.211012 516
0.210895 516
0.210757 516
0.210623 516
0.210481 516
0.210347 516
0.210223 516
0.210067 516
0.209955 516
0.209823 516
0.20969 516
0.209551 516
0.209424 516
0.209309 516
0.209309 515
0.209153 515
0.209019 515
0.208927 514
0.208884 513
0.208764 513
0.208652 513
0.208517 513
0.20837 513
0.20823 513
0.208086 513
0.20795 513
0.207824 513
0.207815 512
0.207698 512
0.207582 512
0.207459 512
0.207335 512
0.207204 512
0.207089 512
0.206961 512
0.206961 511
0.206961 510
0.206831 510
0.206713 510
0.206711 509
0.206626 508
0.206506 508
0.206379 508
0.206343 507
0.206343 506
0.206216 506
0.206102 506
0.205972 506
0.20584 506
0.205715 506
0.205607 506
0.205471 506
0.205349 506
0.205219 506
0.205219 505
0.205089 505
0.204964 505
0.204849 505
0.204714 505
0.204586 505
0.204585 504
0.204491 503
0.204371 503
0.204371 502
0.204235 502
0.204234 501
0.204093 501
0.203975 501
0.20385 501
0.203733 501
0.203606 501
0.203489 501
0.203489 500
0.20335 500
0.203207 500
0.203089 500
0.202959 500
0.202843 500
0.202842 499
0.202703 499
0.202576 499
0.202427 499
0.202293 499
0.202293 498
0.202172 498
0.202078 497
0.20195 497
0.201809 497
0.201676 497
0.201663 496
0.201534 496
0.201414 496
0.201304 496
0.201205 496
0.201084 496
0.200961 496
0.200828 496
0.200702 496
0.200587 496
0.200468 496
0.200335 496
0.200198 496
0.200198 495
0.200198 494
0.200073 494
0.199955 494
0.199829 494
0.19972 494
0.199588 494
0.199472 494
0.199331 494
0.199196 494
0.199078 494
0.198952 494
0.198819 494
0.198694 493
0.198565 493
0.198453 493
0.198453 492
0.198334 492
0.198205 492
0.198205 491
0.198095 491
0.198095 490
0.197976 490
0.197899 490
0.197767 490
0.197642 490
0.19752 490
0.197392 490
0.197281 490
0.197149 490
0.197039 490
0.196953 489
0.196829 489
0.196698 489
0.196698 488
0.196571 488
0.196446 488
0.196316 488
0.196174 488
0.196054 488
0.195915 488
0.195794 488
0.19566 488
0.195401 488
0.195258 488
0.195155 488
0.19504 488
0.194911 488
0.194786 488
0.194661 488
0.194546 488
0.194287 488
0.194033 488
0.193901 488
0.193769 488
0.19363 488
0.193498 488
0.193498 487
0.193355 487
0.193253 487
0.193253 486
0.193128 486
0.193005 486
0.193005 485
0.192874 485
0.192747 485
0.19262 485
0.192495 485
0.192364 485
0.192227 485
0.192111 485
0.191994 485
0.191858 485
0.191714 485
0.191709 484
0.191699 483
0.191559 483
0.191436 483
0.191288 483
0.191162 483
0.191034 483
0.190902 483
0.190901 482
0.190901 481
0.190762 481
0.190631 481
0.190499 481
0.190387 481
0.190244 481
0.190111 481
0.190111 480
0.190009 480
0.189783 480
0.189649 480
0.189523 480
0.189523 479
0.189523 478
0.189396 478
0.18926 478
0.18926 477
0.189134 477
0.189004 477
0.188861 477
0.188718 477
0.1886 477
0.188486 477
0.188486 476
0.188351 476
0.188351 475
0.188351 474
0.188244 474
0.188127 474
0.188014 474
0.188014 473
0.187877 473
0.18775 473
0.187609 473
0.187467 473
0.187467 472
0.187463 471
0.187316 471
0.187182 471
0.187054 471
0.187054 470
0.186924 470
0.186796 470
0.186658 470
0.186539 470
0.186422 470
0.186292 470
0.186292 469
0.186292 468
0.186157 468
0.186045 468
0.186045 467
0.186045 466
0.185922 466
0.185788 466
0.185788 465
0.185681 465
0.185543 465
0.185412 465
0.185279 465
0.185279 464
0.185159 464
0.185034 464
0.184902 464
0.184767 464
0.18468 462
0.18468 461
0.184614 460
0.184489 460
0.184478 459
0.184342 459
0.184214 459
0.184089 459
0.184089 458
0.183945 458
0.183805 458
0.183676 458
0.18354 458
0.183406 458
0.183299 458
0.183167 458
0.18303 458
0.18289 458
0.182753 458
0.182624 458
0.182489 458
0.182383 458
0.182383 457
0.182383 456
0.182261 456
0.182118 456
0.181999 456
0.181864 456
0.18173 456
0.18173 455
0.181586 455
0.181463 455
0.181343 455
0.181203 455
0.181089 455
0.180962 455
0.180833 455
0.180708 455
0.180708 454
0.180579 454
0.180452 454
0.180318 454
0.180194 454
0.180046 454
0.17991 454
0.17991 453
0.179788 453
0.179788 452
0.179663 452
0.17954 452
0.179407 452
0.17928 452
0.179258 451
0.179162 450
0.17903 450
0.178913 450
0.178785 450
0.178675 450
0.178556 450
0.178429 450
0.178294 450
0.178157 450
0.178157 449
0.178022 449
0.177902 449
0.177902 448
0.177785 448
0.177785 447
0.177785 446
0.177654 446
0.177566 445
0.177566 444
0.177419 444
0.177419 443
0.177296 443
0.177181 443
0.177051 443
0.177015 442
0.176889 442
0.176806 441
0.176687 441
0.176551 441
0.176409 441
0.176285 441
0.176161 441
0.176043 441
0.175921 441
0.175788 441
0.175681 441
0.175549 441
0.175549 440
0.17541 440
0.175291 440
0.175151 440
0.175023 440
0.174888 440
0.174749 440
0.174626 440
0.174489 440
0.174371 440
0.174242 440
0.174126 440
0.174126 439
0.174024 439
0.173954 439
0.173818 439
0.173721 439
0.173721 438
0.173597 438
0.17347 438
0.173331 438
0.173191 438
0.172948 437
0.172815 437
0.172815 436
0.172684 436
0.172559 436
0.172429 436
0.172283 436
0.172159 436
0.172046 436
0.171925 436
0.171796 436
0.171796 435
0.171795 434
0.171652 434
0.171516 434
0.171387 434
0.17113 434
0.171005 434
0.170878 434
0.170742 434
0.170609 434
0.170487 434
0.17035 434
0.170211 434
0.170093 434
0.169972 434
0.169852 434
0.169744 434
0.169603 434
0.169485 434
0.169358 434
0.169232 434
0.169076 434
0.168954 434
0.168829 434
0.168716 434
0.16861 434
0.16861 433
0.168475 433
0.168475 432
0.168349 432
0.168239 432
0.168097 432
0.167973 432
0.167836 432
0.16772 432
0.167582 432
0.167453 432
0.167313 432
0.167177 432
0.167043 432
0.166918 432
0.166918 431
0.166804 431
0.166804 430
0.166803 429
0.166699 429
0.166699 428
0.166566 428
0.166566 427
0.166566 426
0.166438 426
0.166309 426
0.166179 426
0.166069 426
0.166069 425
0.165943 425
0.165863 424
0.165734 424
0.165598 424
0.165598 423
0.165476 423
0.165476 422
0.165474 421
0.165341 421
0.165341 420
0.165226 420
0.165226 419
0.165093 419
0.164961 419
0.164835 419
0.164835 418
0.164696 418
0.164696 417
0.164588 417
0.164492 416
0.164355 416
0.164238 416
0.164118 416
0.164118 415
0.164118 414
0.163979 414
0.163848 414
0.163741 414
0.163606 414
0.163484 414
0.163363 414
0.16322 414
0.163092 414
0.163092 413
0.162958 413
0.162958 412
0.162958 411
0.162958 410
0.162829 410
0.162735 409
0.162619 409
0.162502 409
0.162365 409
0.162226 409
0.162095 409
0.161994 409
0.16187 409
0.161736 409
0.16159 409
0.16159 408
0.161462 408
0.16136 408
0.161224 408
0.161224 407
0.161106 407
0.160976 407
0.160976 406
0.160976 405
0.160887 405
0.160762 405
0.160762 404
0.160629 404
0.160499 404
0.160367 404
0.160241 404
0.160172 403
0.160082 402
0.159953 402
0.159824 402
0.159713 402
0.159567 402
0.159451 402
0.159329 402
0.159303 401
0.159212 400
0.159085 399
0.158953 399
0.158831 399
0.158727 399
0.158604 399
0.158477 399
0.158328 399
0.158209 399
0.158094 399
0.157979 399
0.157851 399
0.157713 399
0.157713 398
0.157713 397
0.157588 397
0.157453 397
0.157328 397
0.157207 397
0.157087 397
0.156947 397
0.156828 397
0.156807 396
0.156695 396
0.15658 396
0.156438 396
0.156306 396
0.156178 396
0.156026 396
0.155904 396
0.155889 395
0.15577 395
0.155629 395
0.155503 395
0.155375 395
0.155233 395
0.155111 395
0.154996 395
0.154872 395
0.15474 395
0.15474 394
0.154615 394
0.154347 394
0.154347 393
0.154347 392
0.154238 392
0.154192 392
0.154192 391
0.154078 391
0.153935 391
0.153804 391
0.153681 391
0.153564 391
0.153464 391
0.15333 391
0.15333 390
0.153194 390
0.153078 390
0.153078 389
0.152951 389
0.152928 388
0.152928 387
0.152799 387
0.152669 387
0.15253 387
0.152402 387
0.152402 386
0.152272 386
0.152143 386
0.152143 385
0.152018 385
0.151876 385
0.151874 384
0.15175 384
0.151609 384
0.151539 383
0.151407 383
0.151407 382
0.151282 382
0.151152 382
0.151011 382
0.150876 382
0.150742 382
0.150604 382
0.150487 382
0.150487 381
0.150487 380
0.150487 379
0.150375 379
0.150262 379
0.150262 378
0.150143 378
0.150143 377
0.15001 377
0.149887 377
0.149887 376
0.149769 376
0.149647 376
0.14952 376
0.14952 375
0.149373 375
0.149274 375
0.149149 375
0.149043 375
0.148912 375
0.148912 374
0.148763 374
0.148763 373
0.148726 372
0.148592 372
0.148474 372
0.148474 371
0.148474 370
0.148341 370
0.148341 369
0.148202 369
0.148072 369
0.147928 369
0.147833 368
0.14771 368
0.147584 368
0.147584 367
0.147455 367
0.147449 366
0.147318 366
0.147189 366
0.147057 366
0.146926 366
0.146926 365
0.14681 365
0.146675 365
0.146533 365
0.146414 365
0.146391 364
0.146254 364
0.146131 364
0.146015 364
0.145884 364
0.145745 364
0.145618 364
0.145502 364
0.14537 364
0.145232 364
0.145232 363
0.145142 362
0.145003 362
0.144875 362
0.144761 362
0.144761 361
0.144634 361
0.144522 361
0.144522 360
0.144519 359
0.144376 359
0.144235 359
0.144124 359
0.144002 359
0.144002 358
0.143879 358
0.143742 358
0.143742 357
0.143742 356
0.143622 355
0.143498 355
0.143356 355
0.143356 354
0.14324 354
0.143112 354
0.143112 353
0.142998 353
0.142881 353
0.142881 352
0.142752 352
0.142599 352
0.142459 352
0.142345 352
0.142345 351
0.142212 351
0.142212 350
0.142185 349
0.142074 349
0.142074 348
0.142052 347
0.141916 347
0.141789 347
0.141677 347
0.141558 347
0.141429 347
0.141298 347
0.141166 347
0.141068 347
0.140954 347
0.140954 346
0.140823 346
0.140685 346
0.140547 346
0.14042 346
0.14042 345
0.140294 345
0.140154 345
0.140017 345
0.139886 345
0.13976 345
0.139641 345
0.13952 345
0.13952 344
0.139388 344
0.139253 344
0.139135 344
0.139135 343
0.138994 343
0.138862 343
0.138735 343
0.138619 343
0.138493 343
0.138493 342
0.138379 342
0.138379 341
0.138233 341
0.138099 341
0.137962 341
0.137855 341
0.137854 340
0.137713 340
0.137594 340
0.137466 340
0.137337 340
0.137193 340
0.137056 340
0.136918 340
0.136918 339
0.136826 338
0.1367 338
0.136575 338
0.136461 338
0.136332 338
0.136217 338
0.136106 338
0.136106 337
0.135991 337
0.135849 337
0.135723 337
0.135621 337
0.135478 337
0.135354 337
0.135223 337
0.135097 337
0.134962 337
0.134838 337
0.134708 337
0.134594 337
0.134467 337
0.134348 337
0.13413 337
0.13413 336
0.134086 335
0.133943 335
0.133828 335
0.13369 335
0.133558 335
0.133439 335
0.133311 335
0.133183 335
0.133056 335
0.132934 335
0.132934 334
0.132842 333
0.132729 333
0.132594 333
0.132465 333
0.132323 333
0.132195 333
0.132053 333
0.132053 332
0.131956 332
0.131827 332
0.131827 331
0.131701 331
0.131579 331
0.131438 331
0.131296 331
0.131183 331
0.131183 330
0.131179 329
0.131179 328
0.131043 328
0.130902 328
0.13078 328
0.130655 328
0.130536 328
0.130427 328
0.130303 328
0.13016 328
0.130022 328
0.129881 328
0.129881 327
0.129758 327
0.129627 327
0.129501 327
0.129501 326
0.129501 325
0.129501 324
0.129501 323
0.12938 323
0.129249 323
0.129249 322
0.129136 322
0.129021 322
0.128888 322
0.128888 321
0.128888 320
0.128764 320
0.128764 319
0.128633 319
0.128633 318
0.128501 318
0.128369 318
0.128255 318
0.128216 317
0.128094 317
0.127951 317
0.127847 317
0.127839 316
0.127839 315
0.127711 315
0.127595 315
0.127469 315
0.127346 315
0.12725 314
0.12725 313
0.127108 313
0.12708 312
0.126963 312
0.126963 311
0.12682 311
0.126684 311
0.126556 311
0.126417 311
0.126294 311
0.126164 311
0.126164 310
0.126074 309
0.125942 309
0.125805 309
0.125805 308
0.125677 308
0.125565 308
0.125429 308
0.125429 307
0.125311 307
0.125167 307
0.125035 307
0.124779 307
0.12469 306
0.124562 306
0.124433 306
0.124431 305
0.124308 305
0.124189 305
0.124073 305
0.12395 305
0.123822 305
0.123709 305
0.123588 305
0.123473 305
0.123331 305
0.123233 305
0.123233 304
0.123101 304
0.123101 303
0.122965 303
0.122847 303
0.122706 303
0.122706 302
0.122601 302
0.122477 302
0.122259 302
0.122257 301
0.122142 301
0.122024 301
0.122024 300
0.121918 300
0.121808 300
0.121693 300
0.121546 300
0.121426 300
0.121426 299
0.121296 299
0.121182 299
0.121049 298
0.120915 298
0.120915 297
0.120915 296
0.120779 296
0.120645 296
0.120645 295
0.120522 295
0.120522 293
0.120398 293
0.120262 293
0.120129 293
0.120102 292
0.119977 292
0.119874 292
0.119874 291
0.119753 291
0.119612 291
0.119486 291
0.119486 290
0.119384 290
0.119344 289
0.119207 289
0.119087 289
0.118957 289
0.118839 289
0.118839 288
0.118718 288
0.118715 287
0.118711 286
0.118592 286
0.11847 286
0.118338 286
0.1182 286
0.1182 285
0.118062 285
0.117944 285
0.117816 285
0.117696 285
0.117696 284
0.11761 283
0.117481 283
0.117476 282
0.11734 282
0.117208 282
0.117079 282
0.116952 282
0.116815 282
0.116815 281
0.116745 281
0.116613 281
0.116492 281
0.11637 281
0.116249 281
0.116123 280
0.115869 280
0.115746 280
0.115637 280
0.115503 280
0.115374 280
0.115374 279
0.115373 278
0.115244 278
0.115244 277
0.115244 276
0.115244 275
0.115116 275
0.115116 274
0.114983 274
0.114844 274
0.114714 274
0.114581 274
0.114452 274
0.114451 273
0.114316 273
0.114187 273
0.114038 273
0.113908 273
0.113753 273
0.113642 273
0.113502 273
0.113381 273
0.113381 272
0.113381 271
0.113243 271
0.113115 271
0.112987 271
0.112847 271
0.11272 271
0.112613 271
0.112474 271
0.112352 271
0.112211 271
0.112211 270
0.112111 270
0.111998 270
0.111984 269
0.111857 269
0.111737 269
0.111599 269
0.111472 269
0.111343 269
0.11122 269
0.111112 269
0.111112 268
0.110999 268
0.110999 267
0.110865 267
0.110865 266
0.110744 266
0.110611 266
0.110611 265
0.110487 265
0.11036 265
0.11036 264
0.110246 264
0.110105 264
0.110105 263
0.109985 263
0.109985 262
0.109848 262
0.109747 262
0.109652 261
0.109519 261
0.109377 261
0.109261 261
0.10916 261
0.109037 261
0.108913 261
0.108793 261
0.108664 261
0.10866 260
0.108529 260
0.108395 260
0.108272 260
0.108145 260
0.108145 259
0.108023 259
0.107873 259
0.107635 259
0.107506 259
0.107506 258
0.107384 258
0.107267 258
0.107125 258
0.106997 258
0.106972 257
0.106847 257
0.106742 257
0.106613 257
0.106482 257
0.106352 257
0.106236 257
0.106236 256
0.106109 256
0.105981 256
0.105837 256
0.105837 255
0.105707 255
0.105568 255
0.105451 255
0.105325 255
0.105184 255
0.105184 254
0.105047 254
0.104898 254
0.104761 254
0.104761 253
0.104761 252
0.104639 252
0.104489 252
0.104488 251
0.104378 251
0.104241 251
0.104118 251
0.10397 251
0.103845 251
0.103845 250
0.103845 249
0.103728 249
0.103601 249
0.103586 248
0.103451 248
0.103371 247
0.103239 247
0.103239 246
0.10311 246
0.102962 246
0.102842 246
0.10284 245
0.102707 245
0.102584 245
0.102441 245
0.102332 245
0.102201 245
0.102085 245
0.101959 244
0.101959 243
0.101842 243
0.10172 243
0.10159 243
0.10159 242
0.10159 241
0.101463 241
0.101324 241
0.101205 241
0.101205 240
0.101077 240
0.101077 239
0.100949 239
0.10084 239
0.100702 239
0.100582 239
0.100462 239
0.100462 238
0.100308 238
0.100189 238
0.10007 238
0.0999424 238
0.0998108 238
0.0996944 238
0.0995632 238
0.0994349 238
0.0993076 238
0.0993076 237
0.0993076 236
0.099191 236
0.0990698 236
0.0989471 236
0.0988234 236
0.0988234 235
0.0986917 235
0.0985654 235
0.098421 235
0.0982999 235
0.0982999 234
0.0982999 233
0.0982999 232
0.0981905 232
0.0980612 232
0.0979156 232
0.0977828 232
0.097663 232
0.0975304 232
0.0974078 232
0.097284 232
0.097284 231
0.0971482 231
0.0970448 231
0.0969398 231
0.0969281 230
0.0969281 229
0.0967951 229
0.0966771 229
0.0965443 229
0.0964082 229
0.0962853 229
0.0961551 229
0.0960191 229
0.0960191 228
0.0959038 228
0.0957873 228
0.0957047 228
0.0957047 227
0.0955587 227
0.0954403 227
0.0953051 227
0.0951898 227
0.0950643 227
0.0950643 226
0.0950609 225
0.094939 225
0.0948121 225
0.0946838 225
0.0945626 225
0.0944389 225
0.0943161 225
0.0941915 225
0.0940682 225
0.0940682 224
0.0939418 224
0.0938177 224
0.0936897 224
0.0935513 224
0.0934404 224
0.093318 224
0.0932247 223
0.0932247 222
0.0932247 221
0.0930946 221
0.0929691 221
0.092877 220
0.0927554 220
0.0926303 220
0.0925 220
0.0923848 220
0.0922501 220
0.0921182 220
0.0919995 220
0.0918782 220
0.0917381 220
0.0915897 220
0.0914649 220
0.0914649 219
0.0913287 219
0.0911987 219
0.0911987 218
0.0910671 218
0.0909349 218
0.0909349 217
0.0909349 216
0.0908115 216
0.0908112 215
0.0906801 215
0.0905465 215
0.0904221 215
0.0904048 214
0.0902792 214
0.09017 214
0.09017 213
0.0900504 213
0.0900504 212
0.0899141 212
0.0897775 212
0.0896364 212
0.089513 212
0.089513 211
0.0893959 211
0.0892736 211
0.0891367 211
0.0890091 211
0.0888798 211
0.0888783 210
0.0887496 210
0.0887496 209
0.0886242 209
0.0884871 209
0.0883584 209
0.0882314 209
0.0882208 208
0.0880846 208
0.087967 208
0.0878347 208
0.0876944 208
0.0875507 208
0.0875507 207
0.0874297 207
0.0873208 207
0.0871969 207
0.0870684 207
0.0869439 207
0.0869439 206
0.0868213 206
0.0868213 205
0.0866744 205
0.0866744 204
0.0865536 204
0.086434 204
0.086434 203
0.0863058 203
0.0863058 202
0.0861687 202
0.0860289 202
0.0859249 202
0.0857991 202
0.0856947 202
0.0855749 202
0.0854329 202
0.085298 202
0.085298 201
0.0851638 201
0.0850289 201
0.084881 201
0.0847526 201
0.0847526 200
0.0847526 199
0.084618 199
0.0844878 199
0.0843663 199
0.0842316 199
0.0842316 198
0.0841214 198
0.084004 198
0.0840027 197
0.0838747 197
0.0837604 197
0.0836388 197
0.0834864 197
0.0833469 197
0.0832084 197
0.0829529 197
0.0828302 197
0.0826892 197
0.0826892 196
0.0825793 196
0.0825793 195
0.082451 195
0.0823343 195
0.0821971 195
0.0821971 194
0.0821971 193
0.0820712 193
0.0819381 193
0.0817989 193
0.0817989 192
0.0816737 192
0.0815474 192
0.0814309 192
0.0812927 192
0.0811818 192
0.0811818 191
0.0811818 190
0.0810497 190
0.0809332 190
0.0807967 190
0.0806656 190
0.080554 190
0.0804277 190
0.0803045 190
0.0801787 190
0.080043 190
0.0799189 190
0.0797929 190
0.0797929 189
0.0797929 188
0.0796849 188
0.0795539 188
0.0795539 187
0.0794329 187
0.0793157 187
0.0791617 187
0.0790381 187
0.0790381 186
0.0789798 185
0.0788524 185
0.078709 185
0.0785788 185
0.0785788 184
0.0784473 184
0.0783551 183
0.0782346 183
0.0780965 183
0.0779844 183
0.0778583 183
0.077731 183
0.0776203 183
0.0774903 183
0.0773629 183
0.0773629 182
0.0772509 182
0.0771138 182
0.0771138 181
0.0769821 181
0.0768601 181
0.0768601 180
0.0767412 180
0.0767412 179
0.0766194 179
0.0764653 179
0.0763406 179
0.0762169 179
0.0760887 179
0.0759672 179
0.0758291 179
0.0757174 179
0.0755684 179
0.075437 179
0.0753211 179
0.0751864 179
0.0750493 179
0.074916 179
0.074916 178
0.0748173 178
0.0748173 177
0.0746919 177
0.0745637 177
0.0744243 177
0.07434 177
0.0742261 177
0.0740932 177
0.0739628 177
0.0738321 177
0.0738321 176
0.0737052 176
0.0735737 176
0.0734461 176
0.0733274 176
0.0731856 176
0.0730523 176
0.0729115 176
0.0728943 175
0.072841 174
0.0727087 174
0.0727087 173
0.0725838 173
0.0724534 173
0.0723197 173
0.0721785 173
0.0721724 172
0.0721654 171
0.0720331 171
0.0719028 171
0.0717559 171
0.0717559 170
0.0716746 168
0.0715334 168
0.0713995 168
0.0712808 168
0.0711731 168
0.0711731 167
0.0710398 167
0.0709201 167
0.0709201 166
0.0707869 166
0.0706746 166
0.0706746 165
0.0705339 165
0.0703919 165
0.0702673 164
0.0702104 163
0.0701027 163
0.0699783 163
0.0698286 163
0.0696909 163
0.0695539 163
0.0694336 163
0.0693115 163
0.069183 163
0.0691807 162
0.0691807 161
0.0690534 161
0.0690534 160
0.0690534 159
0.0689344 159
0.0688057 159
0.0685652 159
0.0684302 159
0.0682859 159
0.0681617 159
0.0680337 159
0.0678984 159
0.0677819 159
0.0677819 158
0.0677819 157
0.0676721 157
0.0675638 157
0.0675638 156
0.0674235 156
0.0672993 156
0.0671614 156
0.0670354 156
0.0669049 156
0.0667722 156
0.0666242 156
0.0664944 156
0.0663685 156
0.0662379 156
0.0661217 156
0.0661171 155
0.0659966 155
0.0658602 155
0.0657385 155
0.0655958 155
0.0654753 155
0.0654753 154
0.0653505 154
0.0653505 153
0.0653465 152
0.0653465 151
0.0652058 151
0.0650892 151
0.0649448 151
0.0648298 151
0.0647234 151
0.0646064 151
0.0646064 150
0.0644789 150
0.0643442 150
0.0642219 150
0.0641091 150
0.0640197 149
0.0640197 148
0.0639008 148
0.0637643 148
0.0636289 148
0.0634942 148
0.0633751 148
0.0632669 148
0.0631471 148
0.0630265 148
0.0629167 148
0.0627966 148
0.0626787 148
0.0625632 148
0.0624301 148
0.0623445 147
0.0621941 147
0.0620484 147
0.0619051 147
0.0617573 147
0.0617573 146
0.0616315 146
0.061513 146
0.0613685 146
0.0612433 146
0.0611122 146
0.0609941 146
0.0608598 146
0.0607397 146
0.0605941 146
0.0605748 145
0.0604464 145
0.0603193 145
0.0602103 145
0.0600838 145
0.0599573 145
0.0598375 145
0.0597116 145
0.0597116 144
0.0597116 143
0.0595871 143
0.0594792 143
0.0593691 143
0.0592344 143
0.0591151 143
0.0589902 143
0.0588881 143
0.0587406 143
0.0586192 143
0.0584855 143
0.0583791 143
0.0583318 142
0.0583318 141
0.058194 141
0.0580592 141
0.0579299 141
0.0577806 141
0.0576572 141
0.0576572 140
0.0575408 139
0.0574276 139
0.0574276 138
0.0574276 137
0.0574276 136
0.0572779 136
0.0571584 136
0.0570474 136
0.0569117 136
0.0567675 136
0.0566478 136
0.056519 136
0.0564201 136
0.0562662 136
0.0562662 135
0.0561494 135
0.0561494 134
0.0561494 133
0.0560231 133
0.0560211 132
0.0559015 132
0.0557632 132
0.0557623 131
0.0556424 131
0.0555171 131
0.0553954 131
0.0552552 131
0.0551322 131
0.0550104 131
0.0548675 131
0.0547432 131
0.0546187 131
0.05452 131
0.0543817 131
0.0543817 130
0.0543817 129
0.0542401 129
0.0541022 129
0.0539732 129
0.0536914 129
0.053579 129
0.0534276 129
0.0534276 128
0.053425 126
0.0532992 126
0.0532923 125
0.0531682 125
0.0530676 125
0.0529637 125
0.0528245 125
0.052703 125
0.0525644 125
0.0524239 125
0.0522964 125
0.052165 125
0.0520397 125
0.0520397 124
0.0518981 124
0.05177 124
0.0516273 124
0.051508 124
0.0513853 124
0.0512454 124
0.0511179 124
0.0509941 124
0.0508619 124
0.0507499 124
0.0506146 124
0.0505032 124
0.0503842 124
0.0503668 123
0.0503668 122
0.0502355 122
0.0502355 121
0.0502311 120
0.0500912 120
0.0499761 120
0.049849 120
0.0497313 120
0.0496174 120
0.0496174 119
0.0494914 119
0.0493741 119
0.0492561 119
0.0491153 119
0.0489979 119
0.0488658 119
0.048719 119
0.0485717 119
0.0484519 119
0.0483112 119
0.0481902 119
0.0481232 118
0.0481232 117
0.0481232 116
0.0481232 115
0.0480044 115
0.0478881 115
0.0477611 115
0.0476503 115
0.0475243 115
0.0474255 115
0.0474226 114
0.0473044 114
0.0471948 114
0.0471656 113
0.0470391 113
0.0469052 113
0.0467596 113
0.0466322 113
0.046508 112
0.0463917 112
0.0463917 111
0.0462611 111
0.0461481 111
0.0460248 111
0.0458929 111
0.0458838 110
0.0457588 110
0.0456419 110
0.0456419 109
0.0455169 109
0.0454814 108
0.0453901 107
0.0452474 107
0.0451149 107
0.0449839 107
0.0449832 106
0.0449824 105
0.0449824 104
0.0449054 103
0.0447862 103
0.0446632 103
0.0445321 103
0.0443991 103
0.0442642 103
0.0441501 103
0.0441499 102
0.0440542 101
0.0439136 101
0.0439136 100
0.0438938 99
0.0437938 99
0.0436666 99
0.0435311 99
0.0433819 99
0.0432545 99
0.0431301 99
0.0430015 99
0.042871 99
0.0427258 99
0.0425928 99
0.0424662 99
0.0423384 99
0.0423302 98
0.0422236 98
0.0422236 97
0.0420896 97
0.0419548 97
0.0418403 97
0.041703 97
0.0415619 97
0.0414243 97
0.0413023 97
0.0411623 97
0.0411608 96
0.041023 96
0.0409074 96
0.0407704 96
0.0406792 95
0.0405446 95
0.0405258 94
0.0404073 94
0.0402807 94
0.0401467 94
0.0400187 94
0.0399033 94
0.0398498 93
0.0397283 93
0.0395993 93
0.0394808 93
0.0394519 92
0.0394519 91
0.0393313 91
0.0392179 91
0.0390892 91
0.0389587 91
0.0388621 90
0.0387236 90
0.0385878 90
0.0384659 90
0.0383497 90
0.038216 90
0.038091 90
0.0379565 90
0.0378401 90
0.0377229 90
0.0377229 89
0.0375826 89
0.0375826 88
0.0374535 88
0.0374535 87
0.037347 87
0.0372569 86
0.03712 86
0.0371173 85
0.0369908 85
0.0368564 85
0.0367247 85
0.036724 84
0.0366017 84
0.0364605 84
0.0363282 84
0.0362032 84
0.0360644 84
0.0359537 84
0.0358325 84
0.0357266 84
0.0355959 84
0.0354604 84
0.0353302 84
0.0351998 84
0.0350571 84
0.0350571 83
0.034917 83
0.0347858 83
0.0346553 83
0.0345249 83
0.0343874 83
0.0343874 82
0.0342588 82
0.0341272 82
0.033999 82
0.0338713 82
0.0337421 82
0.0336435 82
0.0335027 82
0.0333694 82
0.0333577 81
0.0332085 81
0.0330921 81
0.0329676 81
0.0328344 81
0.032712 81
0.0325667 81
0.0324619 81
0.032338 81
0.032338 80
0.0322034 80
0.0320799 80
0.032079 79
0.0319716 79
0.0318475 79
0.031732 79
0.0316141 79
0.0314755 79
0.0313309 79
0.0312056 79
0.031081 79
0.031081 78
0.0309431 78
0.0308861 77
0.0307594 77
0.0306396 77
0.0306337 76
0.0306107 75
0.0304972 75
0.0304972 74
0.0303576 74
0.0303576 73
0.0302329 73
0.0302329 72
0.0301111 72
0.0299867 72
0.0299867 71
0.0298623 71
0.0298623 70
0.0297457 70
0.029612 70
0.0294714 70
0.0293423 70
0.0293423 69
0.0291987 69
0.0290777 69
0.0289622 69
0.0288214 69
0.0286963 69
0.0285626 69
0.0284304 69
0.0284304 68
0.028294 68
0.0281548 68
0.0280146 68
0.0279099 68
0.0277733 68
0.027667 68
0.0275559 68
0.0274256 68
0.0274256 67
0.0272903 67
0.0271686 67
0.0271659 66
0.0270384 66
0.0270384 65
0.0269351 65
0.0268105 65
0.0268105 64
0.0267086 64
0.0265674 64
0.0264309 64
0.0263056 64
0.0261511 64
0.0260617 63
0.0259204 63
0.0259204 62
0.0257907 62
0.0256544 62
0.0255192 62
0.0255192 61
0.0253819 61
0.0252682 61
0.0251389 61
0.0250225 61
0.0249016 61
0.0248023 61
0.0246889 61
0.0245809 61
0.0244397 61
0.0244285 60
0.0242952 60
0.0241828 60
0.0240452 60
0.0239139 60
0.0237824 60
0.0236774 60
0.0236774 59
0.0235732 59
0.0235732 58
0.023456 58
0.023332 58
0.0232063 58
0.0230764 58
0.0229796 58
0.0229746 57
0.0228497 57
0.0227191 57
0.0227176 56
0.0225574 55
0.0224151 55
0.0222864 55
0.0222819 54
0.0221485 54
0.0221485 53
0.0220205 53
0.0218999 53
0.0218999 52
0.0217861 52
0.0217588 51
0.0216495 51
0.0215475 51
0.0214152 51
0.021302 51
0.0211667 51
0.0210427 51
0.0209116 51
0.02078 51
0.0206529 51
0.0205296 51
0.0204048 51
0.0202792 51
0.0201599 51
0.0200664 50
0.0200647 49
0.0199348 49
0.0199348 48
0.0198094 48
0.0197241 47
0.019588 47
0.0194455 47
0.0193181 47
0.0192081 47
0.0192077 46
0.0190819 46
0.0189412 46
0.0189412 45
0.0189412 44
0.0188077 44
0.0187972 43
0.0186601 43
0.0184084 43
0.018294 43
0.018294 42
0.0182675 41
0.0182675 40
0.0181622 40
0.0181318 39
0.0179969 39
0.0178821 39
0.0178821 38
0.0177529 38
0.0176204 38
0.017494 38
0.0173798 38
0.0172523 38
0.0172521 37
0.0171272 37
0.0170108 37
0.0170102 36
0.0168955 36
0.0167658 36
0.0166504 36
0.0165189 36
0.0163935 36
0.0162652 36
0.0161198 36
0.0159856 36
0.0158611 36
0.0157374 36
0.0157373 35
0.0156172 35
0.0154752 35
0.0153369 35
0.0151964 35
0.0150703 35
0.0150703 34
0.0149258 34
0.0148115 34
0.0146828 34
0.0145495 33
0.0145495 32
0.0145495 31
0.014429 31
0.014429 30
0.0142859 30
0.0141565 30
0.0140356 30
0.0139961 29
0.0138681 29
0.0137396 29
0.0137396 28
0.0136128 28
0.01348 28
0.0133648 28
0.0132314 28
0.0131205 28
0.0129883 28
0.0128639 28
0.0127476 28
0.0127476 27
0.0126269 27
0.0126263 26
0.0125042 26
0.0124064 26
0.0122686 26
0.0121438 26
0.0120155 26
0.0118896 26
0.0118856 25
0.0117703 25
0.0116217 25
0.0115081 25
0.0113647 25
0.0112361 25
0.011236 24
0.0111283 24
0.0109914 24
0.0108777 24
0.0107437 24
0.0106114 24
0.0106114 23
0.0104761 23
0.0104761 22
0.0103588 22
0.0102184 22
0.0100966 22
0.0100145 21
0.0100145 20
0.00990401 20
0.00976175 20
0.00964157 20
0.00950749 20
0.00938789 20
0.00924745 20
0.00915834 19
0.00902654 19
0.00891348 19
0.00879355 19
0.00865753 19
0.0085358 19
0.00840388 19
0.00826245 19
0.00815107 19
0.00815107 18
0.00815013 17
0.00802288 17
0.00790808 17
0.0077771 17
0.00763403 17
0.00763403 16
0.00750239 16
0.00750239 15
0.00739718 15
0.00726717 15
0.00713041 15
0.0070072 15
0.00687604 15
0.0067439 15
0.00666254 14
0.00652781 14
0.00652781 13
0.00643133 12
0.00632177 12
0.00632177 11
0.00621975 11
0.0060736 11
0.00595701 11
0.00585408 11
0.00585408 10
0.00585408 9
0.00573303 9
0.00560412 9
0.0054809 9
0.00536056 9
0.00536056 8
0.00524123 8
0.00513936 8
0.00513936 7
0.0050127 7
0.00487731 7
0.00477412 7
0.00465162 7
0.00452533 7
0.00440886 7
0.00427526 7
0.00414165 7
0.00402633 7
0.00391064 7
0.00378809 7
0.00366847 7
0.00366847 6
0.00366834 5
0.00356689 5
0.00342864 5
0.00341227 4
0.00341107 3
0.00329818 3
0.00316913 3
0.00306507 3
0.00294667 3
0.00282572 3
0.00270273 3
0.00258106 3
0.00245174 3
0.00235042 3
0.00221579 3
0.00208651 3
0.00195127 3
0.00183417 3
0.00169486 3
0.00157789 3
0.00146325 3
0.00132506 3
0.00119679 3
0.00116947 2
0.00105822 2
0.000938276 2
0.000916746 1
0.000791841 1
0.000655152 1
0.000533854 1
0.000414332 1
0.000312622 1
0.000208044 1
0.000118808 0
0 0
0 0
0 0
0 0
0 0
0 0
0 0
0 0
0 0
0 0
0 0
0 0
0 0
0 0
0 0
0 0
0 0
0 0
0 0
0 0
0 0
0 0
0 0
0 0
0 0
0 0
0 0
0 0
0 0
0 0
0 0
0 0
0 0
0 0
0 0
0 0
0 0
0 0
0 0
0 0
0 0
0 0
0 0
0 0
0 0
0 0
0 0
0 0
0 0
0 0
0 0
0 0
0 0
0 0
0 0
0 0
0 0
0 0
0 0
0 0
0 0
0 0
0 0
0 0
0 0
0 0
0 0
0 0
0 0
0 0
0 0
0 0
0 0
0 0
0 0
0 0
