0.68304 1106 5.31634
0.682847 1106 5.31635
0.682653 1106 5.31637
0.68246 1106 5.31655
0.682073 1106 5.31656
0.68188 1106 5.31662
0.681686 1106 5.31671
0.681686 1105 5.31674
0.681686 1104 5.31676
0.681493 1104 5.31677
0.6813 1104 5.3168
0.681106 1104 5.31687
0.680913 1104 5.31736
0.680719 1104 5.31738
0.680526 1104 5.31748
0.680333 1104 5.31751
0.680139 1104 5.31759
0.679946 1104 5.31779
0.679752 1104 5.31808
0.679752 1103 5.31812
0.679559 1103 5.3182
0.679366 1103 5.31823
0.679172 1103 5.31846
0.678979 1103 5.31849
0.678786 1103 5.31865
0.678592 1103 5.31879
0.678399 1103 5.31887
0.678399 1102 5.31922
0.678205 1102 5.31929
0.678012 1102 5.31936
0.678012 1101 5.31942
0.677625 1101 5.31945
0.677432 1101 5.31956
0.677238 1101 5.31965
0.677238 1100 5.31974
0.677045 1100 5.31999
0.676852 1100 5.32
0.676465 1100 5.32018
0.676272 1100 5.32036
0.676272 1099 5.32054
0.675885 1099 5.32073
0.675885 1098 5.32089
0.675691 1098 5.32092
0.675498 1098 5.32101
0.675498 1097 5.32145
0.675305 1097 5.3216
0.675305 1096 5.32174
0.675111 1096 5.32177
0.674918 1096 5.32204
0.674724 1096 5.32219
0.674531 1096 5.3222
0.674338 1096 5.32233
0.674144 1096 5.32234
0.674144 1095 5.32236
0.673951 1095 5.32245
0.673757 1095 5.32266
0.673564 1095 5.32276
0.673371 1095 5.32303
0.673177 1095 5.32319
0.673177 1094 5.32338
0.673177 1093 5.32352
0.672984 1093 5.32372
0.672984 1092 5.32374
0.672791 1092 5.3238
0.672597 1092 5.3241
0.672404 1091 5.3249
0.67221 1091 5.32497
0.672017 1091 5.32507
0.671824 1091 5.3254
0.67163 1091 5.32549
0.67163 1090 5.32553
0.671437 1090 5.32554
0.671437 1089 5.32557
0.671243 1089 5.32574
0.67105 1089 5.32659
0.67105 1088 5.3268
0.670857 1088 5.32688
0.670857 1087 5.32716
0.670663 1087 5.32727
0.670663 1086 5.32774
0.670663 1085 5.32776
0.67047 1085 5.32792
0.670277 1085 5.32804
0.670083 1085 5.32806
0.66989 1085 5.32822
0.669696 1085 5.32839
0.669503 1085 5.32844
0.66931 1085 5.32869
0.669116 1085 5.32879
0.668923 1085 5.32882
0.668729 1085 5.32898
0.668729 1084 5.32899
0.668536 1084 5.32919
0.668343 1084 5.3292
0.668343 1083 5.32922
0.668149 1083 5.32946
0.668149 1082 5.32957
0.667956 1082 5.32967
0.667763 1082 5.3297
0.667569 1082 5.32994
0.667376 1082 5.33015
0.667182 1082 5.33045
0.666989 1082 5.33054
0.666796 1082 5.33065
0.666602 1082 5.33072
0.666409 1082 5.33103
0.666215 1082 5.33142
0.666215 1081 5.33164
0.666022 1081 5.33175
0.665829 1081 5.3321
0.665829 1080 5.33219
0.665635 1080 5.33232
0.665442 1080 5.33236
0.665249 1080 5.33246
0.665055 1080 5.33258
0.664862 1080 5.3326
0.664475 1080 5.33262
0.664282 1080 5.33268
0.664282 1079 5.33276
0.664088 1079 5.33288
0.664088 1078 5.33337
0.663895 1078 5.33341
0.663895 1077 5.33352
0.663701 1077 5.33374
0.663701 1076 5.33379
0.663701 1075 5.33394
0.663508 1075 5.33395
0.663315 1075 5.33442
0.663315 1074 5.33459
0.663315 1073 5.33474
0.663121 1073 5.33488
0.662928 1073 5.3353
0.662734 1073 5.33554
0.662541 1073 5.33557
0.662348 1073 5.33561
0.662154 1073 5.33566
0.661961 1073 5.33595
0.661768 1073 5.33601
0.661768 1072 5.33603
0.661574 1072 5.3362
0.661381 1072 5.33624
0.661187 1072 5.33646
0.660994 1072 5.3367
0.660994 1071 5.33683
0.660801 1071 5.33699
0.660801 1070 5.33706
0.660801 1069 5.33722
0.660607 1069 5.33724
0.660414 1069 5.33726
0.66022 1069 5.33733
0.660027 1069 5.33734
0.659834 1069 5.33791
0.659447 1069 5.33797
0.659254 1069 5.33799
0.65906 1069 5.33807
0.658867 1069 5.33816
0.658867 1068 5.33868
0.658673 1068 5.33871
0.65848 1068 5.33896
0.65848 1067 5.33901
0.658287 1067 5.33913
0.658093 1066 5.33918
0.6579 1066 5.33934
0.657706 1066 5.33942
0.657706 1065 5.33957
0.657706 1063 5.33999
0.657706 1062 5.34034
0.657513 1062 5.34036
0.65732 1062 5.34078
0.657126 1062 5.3409
0.656933 1062 5.34179
0.65674 1062 5.34193
0.656546 1062 5.34207
0.656353 1062 5.34212
0.656159 1062 5.34261
0.655966 1062 5.34296
0.655773 1062 5.34308
0.655386 1062 5.34316
0.655386 1061 5.34335
0.655192 1061 5.34348
0.654999 1061 5.34359
0.654999 1060 5.34368
0.654806 1060 5.3437
0.654612 1060 5.34378
0.654419 1060 5.34387
0.654225 1060 5.34391
0.654032 1060 5.34398
0.653839 1060 5.34406
0.653645 1060 5.34411
0.653452 1060 5.34414
0.653259 1060 5.34419
0.653259 1059 5.34431
0.653065 1059 5.34437
0.652872 1059 5.34464
0.652872 1058 5.34497
0.652678 1058 5.34506
0.652485 1058 5.34509
0.652292 1058 5.34521
0.652292 1057 5.34525
0.651905 1057 5.34535
0.651711 1057 5.3456
0.651518 1057 5.34577
0.651325 1057 5.34587
0.651131 1056 5.34601
0.651131 1055 5.34614
0.650938 1055 5.34623
0.650745 1055 5.34643
0.650551 1055 5.34668
0.650551 1054 5.3468
0.650358 1054 5.34703
0.650164 1054 5.34708
0.649971 1054 5.34727
0.649971 1053 5.34731
0.649971 1052 5.34733
0.649971 1051 5.34747
0.649971 1050 5.34754
0.649971 1049 5.34799
0.649778 1049 5.34831
0.649584 1049 5.34837
0.649391 1049 5.3484
0.649197 1049 5.34881
0.649004 1049 5.34882
0.648811 1049 5.34901
0.648617 1049 5.34904
0.648424 1048 5.3491
0.648231 1048 5.34912
0.648037 1048 5.34918
0.647844 1048 5.3492
0.64765 1048 5.34935
0.64765 1047 5.34947
0.64765 1046 5.34991
0.64765 1045 5.35006
0.647264 1045 5.35011
0.64707 1045 5.35015
0.646877 1045 5.35023
0.646683 1045 5.35037
0.64649 1045 5.35046
0.646297 1045 5.35047
0.646103 1045 5.35079
0.64591 1045 5.35094
0.645716 1045 5.35096
0.645523 1045 5.3511
0.645136 1045 5.35132
0.644943 1045 5.35135
0.64475 1045 5.3514
0.644556 1045 5.35153
0.644363 1045 5.35155
0.644169 1045 5.3516
0.643976 1045 5.35162
0.643783 1045 5.35204
0.643589 1045 5.35228
0.643396 1045 5.35243
0.643202 1045 5.35258
0.643202 1044 5.3533
0.643009 1044 5.35345
0.643009 1043 5.35364
0.643009 1042 5.35367
0.642622 1042 5.35392
0.642622 1041 5.35401
0.642429 1041 5.35405
0.642236 1041 5.35421
0.642042 1041 5.35457
0.641849 1041 5.35458
0.641655 1041 5.35481
0.641462 1041 5.35514
0.641269 1041 5.35529
0.641075 1041 5.35549
0.640882 1041 5.35565
0.640688 1041 5.35605
0.640495 1041 5.35618
0.640302 1041 5.35621
0.640302 1040 5.35655
0.640108 1040 5.35665
0.639915 1040 5.35708
0.639915 1039 5.35717
0.639915 1038 5.35732
0.639915 1037 5.35746
0.639722 1037 5.35757
0.639528 1037 5.35773
0.639335 1037 5.35807
0.639141 1037 5.35825
0.638948 1037 5.35856
0.638948 1036 5.35862
0.638948 1035 5.35868
0.638755 1035 5.35869
0.638561 1035 5.35876
0.638368 1035 5.35888
0.638368 1034 5.35898
0.638174 1034 5.35914
0.637981 1034 5.35917
0.637788 1034 5.35923
0.637594 1034 5.35936
0.637594 1033 5.35943
0.637401 1033 5.35972
0.637401 1032 5.3598
0.637208 1032 5.36003
0.637014 1032 5.36007
0.637014 1030 5.36017
0.636821 1030 5.36019
0.636627 1030 5.36028
0.636821 1028 5.36042
0.636627 1028 5.36052
0.636627 1027 5.36068
0.636434 1027 5.36096
0.636241 1027 5.361
0.636047 1027 5.36124
0.635854 1027 5.3614
0.635854 1026 5.36142
0.63566 1026 5.36151
0.635467 1026 5.36153
0.635274 1026 5.36173
0.63508 1026 5.36192
0.63508 1025 5.36197
0.634887 1025 5.36202
0.634693 1025 5.36218
0.634693 1024 5.36223
0.6345 1024 5.36232
0.6345 1023 5.36235
0.634307 1023 5.36246
0.634113 1023 5.36255
0.63392 1023 5.36265
0.633727 1023 5.36268
0.633533 1023 5.36282
0.63334 1023 5.36285
0.633146 1023 5.3629
0.632953 1023 5.36307
0.632953 1022 5.3631
0.63276 1022 5.36316
0.632566 1022 5.36345
0.632566 1021 5.36357
0.632373 1021 5.36372
0.632373 1020 5.36374
0.632179 1020 5.36378
0.631986 1020 5.3639
0.631793 1019 5.36392
0.631599 1019 5.3641
0.631406 1019 5.36413
0.631213 1019 5.36415
0.631213 1018 5.36422
0.631019 1018 5.36426
0.630826 1018 5.36452
0.630632 1018 5.36454
0.630439 1018 5.36458
0.630246 1018 5.36525
0.630052 1018 5.36533
0.630052 1017 5.36538
0.630052 1016 5.36541
0.629859 1016 5.36544
0.629472 1016 5.36556
0.629279 1016 5.36582
0.629085 1016 5.36593
0.628892 1016 5.36601
0.628892 1014 5.3663
0.628892 1013 5.36668
0.628699 1013 5.36682
0.628505 1013 5.36741
0.628312 1013 5.36745
0.628118 1013 5.36762
0.627925 1013 5.36779
0.627925 1012 5.36783
0.627732 1012 5.36798
0.627538 1012 5.36838
0.627345 1012 5.36854
0.627151 1012 5.36861
0.626958 1012 5.36898
0.626765 1012 5.36931
0.626765 1011 5.36975
0.626571 1011 5.36987
0.626378 1011 5.36991
0.626378 1010 5.37007
0.626378 1009 5.37018
0.626184 1009 5.37025
0.625991 1009 5.37041
0.625798 1009 5.37042
0.625604 1009 5.37043
0.625218 1009 5.37055
0.625024 1009 5.37057
0.624831 1009 5.37077
0.624637 1009 5.37078
0.624444 1009 5.37084
0.624251 1009 5.37091
0.624251 1008 5.37116
0.624251 1007 5.37142
0.624057 1007 5.37166
0.624057 1006 5.37187
0.623864 1006 5.37212
0.62367 1006 5.37238
0.623477 1006 5.3724
0.623284 1006 5.37241
0.62309 1006 5.37277
0.62309 1005 5.37301
0.622897 1005 5.37303
0.622704 1005 5.37307
0.622317 1004 5.37309
0.622123 1004 5.3731
0.622123 1003 5.37317
0.62193 1003 5.37321
0.621737 1003 5.37329
0.621543 1002 5.37334
0.62135 1002 5.37354
0.621156 1002 5.37359
0.620963 1002 5.37369
0.62077 1002 5.37371
0.620576 1002 5.37461
0.620576 1001 5.37466
0.620383 1001 5.37471
0.62019 1001 5.37476
0.62019 1000 5.37502
0.62019 999 5.37509
0.619996 999 5.37539
0.619803 999 5.37546
0.619609 999 5.3756
0.619416 999 5.37562
0.619223 999 5.37586
0.619223 998 5.37588
0.619029 998 5.37619
0.618836 998 5.37629
0.618836 997 5.37676
0.618642 997 5.37677
0.618449 997 5.37686
0.618256 997 5.37688
0.618062 997 5.37727
0.617869 997 5.37735
0.617675 997 5.37738
0.617482 997 5.37745
0.617289 997 5.37749
0.617095 997 5.37752
0.616902 997 5.37755
0.616709 997 5.37757
0.616515 997 5.37764
0.616322 997 5.3777
0.616128 997 5.3782
0.615935 997 5.37823
0.615742 997 5.37828
0.615548 997 5.37832
0.615548 996 5.37844
0.615355 996 5.37848
0.615161 996 5.37849
0.614775 996 5.37854
0.614775 995 5.37878
0.614581 995 5.37909
0.614388 995 5.37913
0.614388 994 5.37917
0.614195 994 5.3793
0.614001 994 5.37931
0.614001 993 5.37935
0.614001 992 5.37953
0.614001 991 5.37965
0.613808 991 5.37968
0.613614 991 5.37969
0.613421 991 5.37974
0.613228 991 5.37981
0.613034 991 5.38032
0.612841 991 5.38041
0.612647 991 5.38052
0.612454 991 5.38057
0.612261 991 5.38063
0.612261 990 5.3807
0.612067 990 5.38076
0.611874 990 5.38077
0.611681 990 5.38113
0.611487 990 5.38132
0.611487 989 5.38151
0.611294 989 5.38186
0.611294 988 5.38187
0.6111 988 5.3819
0.610907 988 5.38216
0.610714 988 5.38234
0.61052 988 5.38238
0.610327 988 5.38244
0.610133 988 5.3828
0.60994 988 5.38287
0.609747 988 5.38291
0.609553 988 5.38295
0.609553 987 5.38348
0.60936 987 5.38365
0.60936 986 5.38382
0.609167 986 5.38396
0.608973 986 5.38397
0.60878 986 5.38406
0.60878 985 5.38417
0.60878 984 5.3842
0.60878 983 5.38427
0.608586 983 5.38431
0.6082 983 5.38433
0.608006 983 5.38438
0.607813 983 5.38445
0.607619 983 5.38446
0.607426 983 5.38461
0.607426 982 5.38467
0.607233 982 5.3847
0.607039 982 5.38485
0.606846 981 5.38486
0.606652 981 5.3851
0.606652 980 5.38522
0.606459 980 5.38546
0.606266 980 5.38547
0.606266 979 5.38558
0.606072 979 5.38568
0.605879 979 5.38584
0.605686 979 5.38606
0.605492 979 5.38609
0.605299 979 5.38612
0.605299 978 5.38622
0.605105 978 5.38653
0.605105 977 5.38658
0.604912 977 5.38685
0.604719 977 5.38715
0.604525 977 5.38727
0.604332 977 5.38729
0.604332 976 5.38737
0.604138 976 5.3874
0.604138 975 5.38743
0.603945 975 5.38768
0.603752 975 5.38787
0.603752 974 5.38789
0.603558 974 5.388
0.603365 974 5.38831
0.603172 974 5.38845
0.602978 974 5.38853
0.602785 974 5.38877
0.602785 973 5.38948
0.602785 972 5.38963
0.602591 972 5.3898
0.602398 971 5.38989
0.602205 971 5.3899
0.602011 971 5.39006
0.601818 970 5.39012
0.601818 969 5.39026
0.601624 969 5.3903
0.601431 969 5.39032
0.601238 968 5.39037
0.601044 968 5.39055
0.600851 968 5.39058
0.600658 968 5.39069
0.600464 968 5.39086
0.600464 967 5.39124
0.600271 967 5.39125
0.600077 967 5.39144
0.599884 966 5.39149
0.599884 965 5.39168
0.599691 965 5.39182
0.599691 964 5.39193
0.599497 964 5.39202
0.599304 961 5.39209
0.59911 961 5.39213
0.598917 961 5.3923
0.598917 960 5.39233
0.598724 960 5.39268
0.59853 960 5.3927
0.598337 960 5.39273
0.598143 960 5.39292
0.598143 959 5.39295
0.598143 958 5.39299
0.598143 957 5.39305
0.59795 957 5.39323
0.597757 957 5.39349
0.597563 957 5.39352
0.59737 956 5.39353
0.597177 956 5.39376
0.596983 956 5.3938
0.59679 956 5.39389
0.596596 956 5.39397
0.596403 956 5.3941
0.59621 956 5.3942
0.596016 956 5.3945
0.595629 956 5.39457
0.595436 956 5.39497
0.595243 956 5.39507
0.595049 956 5.39509
0.594663 956 5.39536
0.594469 956 5.39537
0.594276 956 5.39544
0.594082 956 5.39546
0.594082 955 5.39575
0.593889 955 5.39581
0.593696 955 5.3959
0.593696 954 5.39596
0.593502 954 5.39602
0.593502 953 5.39615
0.593309 953 5.39617
0.593115 953 5.3965
0.593115 952 5.39662
0.592922 952 5.39682
0.592729 952 5.39693
0.592535 952 5.39702
0.592342 952 5.39718
0.592342 951 5.39724
0.592342 950 5.39731
0.592149 950 5.39733
0.591955 950 5.39745
0.588281 936 5.39762
0.588087 936 5.39765
0.587894 936 5.39772
0.587701 936 5.39797
0.587507 936 5.39822
0.587314 936 5.39836
0.58712 936 5.39844
0.586927 935 5.39872
0.586734 935 5.39875
0.58654 935 5.39878
0.586347 935 5.39895
0.586154 935 5.39913
0.58596 935 5.39927
0.58596 934 5.39937
0.585767 934 5.39955
0.585573 934 5.39957
0.58538 934 5.39979
0.58538 933 5.40002
0.585187 933 5.40016
0.584993 933 5.40022
0.584993 932 5.40032
0.584993 931 5.40042
0.5848 931 5.4005
0.584606 931 5.40053
0.584413 931 5.40055
0.58422 931 5.40069
0.58422 930 5.40081
0.584026 930 5.40093
0.583833 930 5.40101
0.583833 929 5.40136
0.58364 929 5.40137
0.583446 929 5.40146
0.583253 929 5.40149
0.583059 929 5.4016
0.582866 929 5.4018
0.582673 929 5.40191
0.582673 928 5.40193
0.582479 928 5.40198
0.582286 928 5.40209
0.582092 928 5.40257
0.581899 928 5.40267
0.581706 928 5.4027
0.581512 928 5.40277
0.581512 927 5.40285
0.581319 926 5.40297
0.580932 926 5.403
0.580932 925 5.40306
0.580739 925 5.40307
0.580545 925 5.40312
0.580352 925 5.40321
0.580159 925 5.40325
0.579965 925 5.40333
0.579772 925 5.40345
0.579578 925 5.40392
0.579385 925 5.40393
0.579192 925 5.40396
0.579192 924 5.40414
0.578998 924 5.40424
0.578805 924 5.40428
0.578805 923 5.40456
0.578805 922 5.40481
0.578611 922 5.40484
0.578418 922 5.40534
0.578225 922 5.40537
0.578225 921 5.40551
0.578225 920 5.40553
0.578031 920 5.40557
0.577838 920 5.40572
0.577645 920 5.40582
0.577451 920 5.40595
0.577258 920 5.40622
0.577064 920 5.40635
0.576871 920 5.40636
0.576678 920 5.40655
0.576484 920 5.40683
0.576291 920 5.40687
0.575904 920 5.407
0.575711 920 5.40723
0.575517 920 5.40738
0.575324 920 5.40741
0.575324 919 5.40783
0.575324 917 5.40793
0.575131 917 5.40811
0.575131 916 5.40828
0.574937 916 5.40836
0.574744 916 5.40848
0.574744 915 5.40859
0.574744 914 5.40889
0.57455 914 5.40935
0.574357 913 5.40965
0.574357 912 5.4098
0.574357 911 5.40986
0.574164 911 5.41007
0.57397 911 5.41013
0.57397 910 5.41046
0.573777 910 5.41055
0.573583 909 5.41082
0.57339 909 5.41121
0.573197 909 5.41135
0.573003 909 5.4114
0.57281 909 5.41141
0.572617 908 5.4119
0.572423 908 5.41223
0.57223 908 5.41242
0.57223 907 5.41265
0.572036 907 5.41271
0.571843 907 5.41288
0.57165 907 5.41292
0.57165 906 5.41293
0.571456 906 5.41322
0.571263 906 5.41345
0.571263 905 5.41357
0.571069 905 5.41362
0.570876 905 5.41367
0.570683 905 5.41379
0.570683 904 5.41381
0.570489 904 5.41403
0.570296 904 5.41413
0.570102 904 5.41414
0.569909 904 5.41427
0.569716 904 5.41432
0.569522 904 5.41448
0.569136 904 5.41454
0.568942 904 5.41455
0.568942 903 5.41459
0.568749 903 5.41461
0.568555 903 5.41469
0.568362 903 5.41473
0.568169 903 5.4148
0.567975 903 5.41485
0.567782 903 5.41501
0.567588 903 5.41527
0.567588 902 5.4153
0.567395 902 5.41537
0.567395 901 5.41545
0.567202 901 5.41547
0.567008 901 5.41604
0.566815 901 5.41625
0.566622 901 5.41629
0.566622 900 5.41632
0.566428 900 5.41645
0.566235 900 5.41672
0.566235 899 5.41687
0.566235 898 5.41698
0.566041 898 5.41709
0.565848 898 5.41728
0.565655 898 5.41735
0.565461 898 5.41757
0.565461 897 5.41758
0.565268 897 5.41762
0.565074 897 5.41764
0.565074 896 5.41766
0.564881 896 5.4179
0.564688 896 5.41841
0.564688 895 5.41876
0.564494 895 5.41888
0.564301 895 5.41892
0.564108 895 5.419
0.564108 894 5.41949
0.563914 894 5.41981
0.563721 894 5.42006
0.563721 893 5.42014
0.563527 893 5.42017
0.563527 892 5.42021
0.563334 892 5.42042
0.563141 892 5.42046
0.562947 892 5.42049
0.562947 891 5.42059
0.562947 890 5.42065
0.562754 889 5.42074
0.56256 889 5.42076
0.562367 889 5.42082
0.562367 888 5.42089
0.562174 888 5.42126
0.56198 888 5.42128
0.561787 888 5.42132
0.561594 888 5.4216
0.5614 888 5.42166
0.561207 888 5.42171
0.561013 888 5.42183
0.56082 888 5.42185
0.560627 888 5.42199
0.560433 888 5.422
0.56024 888 5.42208
0.56024 887 5.42214
0.560046 887 5.42228
0.559853 887 5.42237
0.55966 887 5.4225
0.559466 887 5.42252
0.559273 887 5.42254
0.559273 886 5.42262
0.559273 885 5.4229
0.559273 884 5.423
0.559079 884 5.42325
0.558886 884 5.4234
0.558499 884 5.42354
0.558499 883 5.42356
0.558306 883 5.42383
0.558113 883 5.42402
0.557919 883 5.42408
0.557726 883 5.42431
0.557726 882 5.42435
0.557532 882 5.42456
0.557146 882 5.42483
0.556952 882 5.42495
0.556759 882 5.42505
0.556565 882 5.42513
0.556372 882 5.42518
0.556372 881 5.42558
0.556179 881 5.42561
0.555985 881 5.42568
0.555792 881 5.42601
0.555599 881 5.42612
0.555599 880 5.4264
0.555599 879 5.42644
0.555212 879 5.42646
0.555018 879 5.42655
0.554825 879 5.42656
0.554632 879 5.42661
0.554438 879 5.42697
0.554245 879 5.427
0.554051 879 5.42711
0.554051 878 5.4273
0.554051 877 5.42733
0.553858 877 5.42755
0.553665 877 5.42764
0.553471 877 5.42787
0.553278 877 5.42807
0.553085 877 5.42814
0.553085 876 5.42816
0.552891 876 5.42867
0.552698 876 5.42877
0.552504 876 5.42886
0.552311 876 5.42915
0.552118 876 5.42925
0.551924 876 5.4294
0.551731 876 5.42979
0.551537 876 5.43031
0.551344 876 5.43039
0.551151 876 5.43044
0.550957 876 5.43045
0.550764 876 5.43067
0.55057 876 5.43091
0.55057 875 5.43105
0.550377 875 5.43156
0.550184 875 5.43187
0.550184 874 5.43194
0.54999 874 5.43203
0.549797 874 5.43209
0.549604 874 5.43214
0.54941 874 5.43218
0.549217 874 5.4323
0.549023 874 5.43264
0.549023 873 5.43267
0.549023 872 5.43286
0.54883 872 5.43297
0.548637 872 5.43317
0.548443 872 5.43322
0.548443 871 5.43329
0.54825 871 5.43336
0.54825 870 5.43344
0.548056 870 5.43357
0.547863 870 5.43378
0.547863 869 5.4339
0.54767 869 5.43402
0.547476 869 5.43416
0.547283 869 5.43418
0.54709 869 5.43444
0.54709 868 5.43453
0.54709 866 5.43459
0.546896 866 5.43491
0.546703 866 5.43493
0.546509 866 5.4351
0.546316 865 5.43529
0.546123 865 5.43537
0.545929 865 5.4354
0.545736 865 5.43608
0.545736 864 5.43609
0.545542 864 5.43616
0.545349 864 5.43623
0.545349 863 5.43632
0.545156 863 5.43654
0.544962 863 5.43672
0.544769 863 5.43673
0.544576 863 5.43684
0.544382 863 5.43697
0.544382 862 5.43705
0.544189 862 5.43713
0.543995 862 5.43735
0.543802 862 5.43766
0.543802 861 5.43774
0.543802 860 5.43791
0.543609 860 5.4381
0.543609 859 5.43826
0.543609 858 5.43842
0.543415 858 5.43868
0.543222 858 5.43882
0.543222 857 5.43892
0.543222 856 5.43897
0.543028 856 5.4391
0.543028 855 5.43916
0.542835 855 5.43918
0.542835 854 5.43944
0.542642 854 5.4395
0.542642 853 5.43951
0.542448 853 5.43965
0.542255 853 5.43968
0.542061 853 5.43981
0.541868 853 5.43984
0.541675 853 5.44006
0.541481 853 5.44013
0.541481 852 5.44014
0.541288 852 5.44016
0.541095 852 5.44025
0.540901 852 5.44031
0.540901 851 5.44036
0.540708 851 5.44069
0.540514 851 5.44081
0.540321 851 5.44091
0.540128 851 5.44113
0.539934 851 5.44125
0.539741 851 5.44127
0.539741 850 5.44132
0.539547 850 5.44164
0.539547 849 5.44173
0.539354 849 5.44199
0.539161 849 5.44209
0.539161 848 5.44215
0.538967 848 5.44244
0.538774 848 5.44249
0.538581 848 5.44253
0.538581 847 5.44269
0.538581 846 5.4427
0.538387 846 5.44283
0.538194 846 5.44293
0.538194 845 5.443
0.537807 845 5.44307
0.537807 844 5.4432
0.53742 844 5.44341
0.537227 844 5.44348
0.537227 842 5.4435
0.537227 841 5.44358
0.537227 840 5.44396
0.537033 840 5.444
0.53684 840 5.44402
0.536647 840 5.4442
0.536453 840 5.44425
0.53626 840 5.44427
0.53626 839 5.4443
0.536067 839 5.44467
0.53568 839 5.44473
0.53568 838 5.44477
0.535486 838 5.44487
0.535293 838 5.44498
0.5351 838 5.44517
0.5351 837 5.44544
0.534906 837 5.44549
0.534713 837 5.44556
0.534519 837 5.44564
0.534326 836 5.44595
0.534326 835 5.44639
0.534133 835 5.44669
0.533939 835 5.44688
0.533939 834 5.44714
0.533746 834 5.44739
0.533553 834 5.44787
0.533359 834 5.44792
0.533166 834 5.44804
0.532972 834 5.4481
0.532779 834 5.44818
0.532779 833 5.44826
0.532392 833 5.44833
0.532199 833 5.44836
0.532005 833 5.44837
0.531812 833 5.44853
0.531812 832 5.44886
0.531619 832 5.44901
0.531425 832 5.44907
0.531425 831 5.44924
0.531232 831 5.44943
0.531232 830 5.44961
0.531232 829 5.44984
0.531038 829 5.45002
0.530845 829 5.45041
0.530652 829 5.45051
0.530458 829 5.45061
0.530265 829 5.45065
0.530072 829 5.45103
0.529878 829 5.45113
0.529685 829 5.45131
0.529491 829 5.45134
0.529298 828 5.45145
0.529105 828 5.45159
0.528911 828 5.45166
0.528524 828 5.45176
0.528524 827 5.45183
0.528524 826 5.45197
0.528331 826 5.45206
0.528138 826 5.45208
0.527751 826 5.45211
0.527558 826 5.45216
0.527364 826 5.45222
0.527171 826 5.45286
0.526977 826 5.45293
0.526784 826 5.45321
0.526784 825 5.45348
0.526591 825 5.45351
0.526397 825 5.45355
0.526204 825 5.45364
0.526204 824 5.45379
0.52601 824 5.454
0.525817 824 5.45441
0.525624 824 5.4546
0.525624 823 5.45463
0.525624 822 5.45487
0.52543 822 5.45508
0.525237 822 5.45509
0.525044 822 5.45518
0.52485 822 5.45522
0.524657 822 5.45525
0.524463 822 5.45526
0.52427 822 5.4554
0.524077 822 5.45544
0.524077 821 5.45566
0.523883 821 5.45599
0.52369 821 5.456
0.523496 821 5.45605
0.523303 821 5.4562
0.52311 821 5.45659
0.52311 820 5.4567
0.52311 819 5.45709
0.522916 819 5.45711
0.522723 819 5.45736
0.522529 819 5.45737
0.522336 819 5.4574
0.522336 818 5.45761
0.522143 818 5.45767
0.522143 817 5.45781
0.521949 817 5.45787
0.521756 817 5.45791
0.521756 816 5.45797
0.521563 816 5.45815
0.521369 816 5.45819
0.521176 816 5.45841
0.520982 816 5.45847
0.520982 815 5.45875
0.520982 814 5.45877
0.520789 814 5.45882
0.520789 813 5.45889
0.520596 813 5.45897
0.520402 813 5.45898
0.520209 813 5.45919
0.520015 813 5.45936
0.519822 813 5.45972
0.519629 813 5.4599
0.519435 813 5.45993
0.519435 812 5.45995
0.519435 811 5.46007
0.519435 810 5.4601
0.519242 810 5.46031
0.519049 810 5.46044
0.518855 810 5.46047
0.518662 810 5.46049
0.518468 810 5.46087
0.518468 809 5.46098
0.518468 808 5.46126
0.518275 808 5.46132
0.518275 807 5.46147
0.518082 807 5.46148
0.517695 807 5.4616
0.517501 807 5.46251
0.517308 807 5.46285
0.517115 807 5.4629
0.517115 806 5.46295
0.516921 806 5.4634
0.516728 806 5.46374
0.516535 806 5.46393
0.516341 806 5.46408
0.516148 806 5.46415
0.515761 806 5.46421
0.515568 806 5.46435
0.515568 805 5.4648
0.515374 805 5.46492
0.515181 805 5.46497
0.514987 805 5.4651
0.514794 805 5.46518
0.514601 805 5.46539
0.514407 805 5.46547
0.514214 805 5.46558
0.51402 805 5.46586
0.513827 805 5.46587
0.513634 805 5.46651
0.513634 804 5.46706
0.51344 804 5.4671
0.513247 804 5.46737
0.513247 803 5.46757
0.513054 803 5.46764
0.51286 803 5.46769
0.51286 802 5.4677
0.512667 802 5.46782
0.512473 802 5.46784
0.51228 802 5.46806
0.512087 802 5.46818
0.511893 802 5.4683
0.5117 802 5.46844
0.511506 802 5.46902
0.511313 802 5.46913
0.511313 801 5.46936
0.51112 801 5.46939
0.51112 800 5.46955
0.510926 800 5.46975
0.510733 800 5.46976
0.51054 800 5.46982
0.510346 800 5.47036
0.510153 800 5.4704
0.509959 800 5.47054
0.509766 800 5.47074
0.509573 800 5.47077
0.509379 800 5.47114
0.509186 800 5.47125
0.508992 800 5.47141
0.508799 800 5.47174
0.508606 800 5.47193
0.508219 800 5.47194
0.508026 800 5.47203
0.508026 799 5.47215
0.507832 799 5.4722
0.507445 799 5.47229
0.507445 798 5.4727
0.507252 798 5.47271
0.507059 798 5.47295
0.506865 798 5.47315
0.506672 798 5.47334
0.506478 798 5.47343
0.506285 798 5.47344
0.506092 798 5.47376
0.505898 798 5.47382
0.505512 798 5.47393
0.505318 798 5.4741
0.505318 797 5.47424
0.505125 797 5.47427
0.504931 797 5.47462
0.504738 797 5.47483
0.504738 796 5.47484
0.504545 796 5.47488
0.504545 795 5.47495
0.504545 794 5.47502
0.504545 793 5.47505
0.504351 793 5.47534
0.504158 793 5.47552
0.503964 793 5.47559
0.503771 793 5.47565
0.503578 793 5.47586
0.503384 793 5.47593
0.503191 793 5.47605
0.502997 793 5.47612
0.502804 793 5.47636
0.502804 792 5.47656
0.502417 792 5.47671
0.502224 792 5.47678
0.502224 791 5.4769
0.502031 791 5.47692
0.502031 790 5.47757
0.502031 789 5.47759
0.501837 789 5.47773
0.501644 789 5.47778
0.501257 789 5.47801
0.501064 789 5.47805
0.50087 789 5.4784
0.50087 788 5.4786
0.500677 788 5.47862
0.500483 788 5.47864
0.50029 788 5.47869
0.50029 787 5.47904
0.500097 787 5.47909
0.499903 787 5.47935
0.49971 787 5.47955
0.499517 787 5.47958
0.499323 787 5.47975
0.49913 787 5.4798
0.498936 787 5.47987
0.498743 787 5.47998
0.49855 787 5.48006
0.498356 787 5.48014
0.498356 786 5.4809
0.498163 786 5.48093
0.498163 785 5.48096
0.497969 785 5.48113
0.497776 785 5.48121
0.497583 785 5.48126
0.497389 785 5.48149
0.497196 785 5.48162
0.497003 785 5.48167
0.496809 785 5.48185
0.496809 784 5.48189
0.496809 783 5.48199
0.496616 783 5.48222
0.496422 783 5.48236
0.496229 783 5.48258
0.496036 783 5.48265
0.495842 783 5.4828
0.495649 783 5.48288
0.495455 782 5.48309
0.495262 782 5.48324
0.495262 781 5.4836
0.495069 781 5.48377
0.494875 781 5.48386
0.494682 781 5.48403
0.494488 781 5.48409
0.494295 781 5.48414
0.494102 781 5.48423
0.494102 780 5.48425
0.493908 780 5.48431
0.493522 779 5.48453
0.493328 779 5.48465
0.493135 779 5.48514
0.492941 779 5.48577
0.492748 779 5.48579
0.492748 778 5.48602
0.492555 778 5.48625
0.492555 777 5.48626
0.492555 776 5.48638
0.492361 776 5.48642
0.492168 776 5.48654
0.491974 776 5.48656
0.491974 775 5.48677
0.491781 775 5.48698
0.491588 775 5.4871
0.491394 775 5.48714
0.491201 775 5.48716
0.491008 775 5.48761
0.490621 775 5.48788
0.490427 775 5.48806
0.490234 775 5.48807
0.490234 774 5.4881
0.490234 773 5.48816
0.490041 773 5.48818
0.489847 773 5.4883
0.48946 773 5.48831
0.489267 773 5.48853
0.489074 773 5.48857
0.48888 773 5.48863
0.48888 772 5.48895
0.488687 772 5.48927
0.488494 772 5.48931
0.488494 771 5.4895
0.4883 771 5.48966
0.488107 771 5.48975
0.487913 771 5.48999
0.48772 771 5.49018
0.487527 771 5.49024
0.487527 770 5.49047
0.487527 769 5.4905
0.487527 768 5.49057
0.487527 767 5.49062
0.487333 767 5.49064
0.48714 767 5.49067
0.486946 767 5.49071
0.486753 767 5.49075
0.48656 767 5.49088
0.48656 766 5.49092
0.486366 766 5.49103
0.486366 765 5.49127
0.486173 765 5.49141
0.48598 765 5.49142
0.485786 765 5.49145
0.485593 765 5.49172
0.485593 764 5.49194
0.485399 764 5.49263
0.485206 764 5.49265
0.485206 763 5.49312
0.485206 762 5.49319
0.485013 762 5.49323
0.484819 762 5.4933
0.484626 762 5.49331
0.484626 761 5.49379
0.484432 761 5.49393
0.484239 761 5.4941
0.484046 761 5.49458
0.483852 761 5.49492
0.483852 760 5.49525
0.483659 760 5.49532
0.483659 759 5.49561
0.483465 759 5.49579
0.483465 758 5.49584
0.483272 758 5.49603
0.483272 757 5.49614
0.483079 757 5.49626
0.482885 757 5.49645
0.482692 757 5.49674
0.482499 757 5.49681
0.482305 757 5.49711
0.482112 757 5.49714
0.481918 757 5.49733
0.481725 757 5.49734
0.481725 756 5.49759
0.481532 756 5.4976
0.481532 755 5.49762
0.481338 755 5.49773
0.481145 755 5.49801
0.480951 755 5.49803
0.480758 755 5.49823
0.480565 755 5.49844
0.480371 755 5.49855
0.480178 755 5.49872
0.480178 754 5.49879
0.479985 754 5.49882
0.479791 754 5.49929
0.479598 754 5.49953
0.479404 754 5.49984
0.479211 754 5.49989
0.479018 754 5.49996
0.478824 754 5.5003
0.478631 754 5.50052
0.478437 754 5.50064
0.478244 754 5.50065
0.478244 753 5.50082
0.478051 753 5.50095
0.477857 753 5.50136
0.477664 753 5.50144
0.477471 753 5.50145
0.477277 753 5.50148
0.477084 753 5.50179
0.47689 753 5.50188
0.47689 752 5.50198
0.476697 752 5.5021
0.476504 752 5.50218
0.476504 751 5.50219
0.476504 750 5.50237
0.476697 748 5.50241
0.476504 748 5.50268
0.47631 748 5.50281
0.476117 748 5.50282
0.475923 748 5.50296
0.47573 748 5.50299
0.475537 748 5.50316
0.475343 748 5.5032
0.47515 748 5.50352
0.474956 748 5.50373
0.474956 747 5.50384
0.474956 746 5.50388
0.474763 746 5.50401
0.47457 746 5.50431
0.474376 746 5.50437
0.474183 746 5.50466
0.47399 746 5.50491
0.473796 746 5.50496
0.473603 746 5.50528
0.473409 746 5.50529
0.473216 746 5.50547
0.473023 746 5.50549
0.473023 745 5.50588
0.472636 745 5.50594
0.472442 745 5.50605
0.472249 745 5.50638
0.472249 744 5.50639
0.472056 744 5.50648
0.471862 744 5.50657
0.471669 744 5.50688
0.471476 744 5.50699
0.471282 744 5.50731
0.471089 744 5.50756
0.470895 744 5.50778
0.470702 744 5.50795
0.470509 744 5.50851
0.470315 744 5.50854
0.470122 744 5.50861
0.469928 744 5.50872
0.469735 744 5.50883
0.469542 744 5.50885
0.469348 744 5.50888
0.469348 743 5.50894
0.469348 742 5.50897
0.469155 742 5.50908
0.468962 742 5.50911
0.468768 742 5.50943
0.468768 741 5.50974
0.468575 741 5.51005
0.468381 741 5.51065
0.468381 740 5.5108
0.468381 739 5.5111
0.468188 739 5.51133
0.467995 739 5.51141
0.467801 739 5.51146
0.467801 738 5.51158
0.467801 737 5.51199
0.467608 737 5.51204
0.467414 737 5.51224
0.467221 737 5.51227
0.467028 737 5.51229
0.466834 737 5.51255
0.466641 737 5.51261
0.466447 737 5.5133
0.466254 737 5.51393
0.466254 736 5.51399
0.466254 735 5.51415
0.466254 734 5.51446
0.466061 734 5.51461
0.466061 733 5.51462
0.465867 733 5.51539
0.465867 732 5.51549
0.465674 732 5.51564
0.465481 732 5.51587
0.465287 732 5.5162
0.465094 732 5.51685
0.4649 732 5.51701
0.464707 732 5.51792
0.46432 732 5.51821
0.464127 732 5.51831
0.463933 732 5.5184
0.463933 731 5.51847
0.46374 731 5.51882
0.463547 731 5.51885
0.463353 731 5.51925
0.46316 731 5.51954
0.46316 730 5.51955
0.462967 730 5.51982
0.462773 730 5.52008
0.462773 729 5.52017
0.46258 729 5.52037
0.462386 728 5.52039
0.462193 728 5.52058
0.462193 727 5.52119
0.462193 726 5.52137
0.462 726 5.52171
0.461806 726 5.52206
0.461613 726 5.52208
0.461419 726 5.52219
0.461226 726 5.52235
0.461033 726 5.52244
0.460839 726 5.52249
0.460453 726 5.52277
0.460259 726 5.52368
0.460259 725 5.52378
0.460066 725 5.52398
0.459872 725 5.52411
0.459679 725 5.52414
0.459486 725 5.52457
0.459292 725 5.52476
0.459099 725 5.52498
0.458905 725 5.52499
0.458712 725 5.525
0.458712 724 5.52516
0.458712 723 5.52528
0.458519 723 5.52529
0.458325 723 5.52534
0.458132 723 5.52565
0.458132 722 5.52617
0.457939 722 5.52648
0.457745 722 5.52658
0.457552 722 5.52718
0.457552 721 5.5272
0.457358 721 5.52723
0.457358 720 5.52754
0.457165 720 5.52756
0.456972 720 5.52772
0.456972 719 5.52849
0.456778 719 5.52883
0.456585 719 5.52888
0.456391 719 5.529
0.456198 719 5.5291
0.456005 719 5.52927
0.455811 718 5.52928
0.455618 718 5.53003
0.455424 718 5.53008
0.455231 718 5.53018
0.455038 718 5.53021
0.454651 718 5.53033
0.454651 717 5.53046
0.454458 717 5.53056
0.454264 717 5.53116
0.454071 717 5.53124
0.453877 717 5.53125
0.453877 716 5.53148
0.453684 716 5.53174
0.453491 716 5.53231
0.453297 716 5.53253
0.453104 716 5.53261
0.45291 716 5.53311
0.45291 715 5.53317
0.452717 715 5.53356
0.452524 715 5.53364
0.45233 715 5.53404
0.452137 715 5.53424
0.451557 715 5.53426
0.451363 715 5.53436
0.45117 715 5.5345
0.450977 715 5.53493
0.450783 715 5.53495
0.450783 714 5.53499
0.450783 713 5.53537
0.45059 713 5.53569
0.45059 712 5.5357
0.450396 712 5.53598
0.450203 712 5.53614
0.45001 712 5.53624
0.449816 712 5.53628
0.449623 712 5.53682
0.44943 712 5.53686
0.449236 712 5.53723
0.449043 712 5.53791
0.449043 711 5.53812
0.449043 710 5.53838
0.448849 710 5.53839
0.448656 710 5.53843
0.448463 710 5.53846
0.448463 709 5.53862
0.448269 709 5.53863
0.448076 709 5.53865
0.447882 709 5.53868
0.447496 709 5.53875
0.447496 708 5.53897
0.447302 708 5.53938
0.447109 708 5.53969
0.447109 707 5.53996
0.446915 707 5.5407
0.446722 707 5.54077
0.446529 707 5.54086
0.446335 707 5.54091
0.446142 707 5.54141
0.445949 707 5.54158
0.445755 707 5.54176
0.445562 707 5.54179
0.445562 706 5.5418
0.445368 706 5.54191
0.445175 706 5.54198
0.445175 705 5.5421
0.444982 705 5.54239
0.444982 704 5.54249
0.444788 704 5.54252
0.444788 703 5.54271
0.444595 703 5.54274
0.444595 702 5.54285
0.444595 701 5.54287
0.444401 701 5.54328
0.444401 700 5.54346
0.444208 700 5.54353
0.444015 700 5.54371
0.444015 699 5.54382
0.443821 699 5.54389
0.443628 699 5.54391
0.443435 699 5.54393
0.443241 699 5.54425
0.443048 699 5.54439
0.443048 698 5.54451
0.442854 698 5.54487
0.442661 698 5.54489
0.442468 698 5.54503
0.442274 698 5.54509
0.442081 698 5.54536
0.441887 698 5.54542
0.441694 698 5.54549
0.441694 697 5.54552
0.441501 697 5.54574
0.441307 697 5.54575
0.441114 697 5.54576
0.440921 697 5.54581
0.440727 697 5.54584
0.44034 696 5.54585
0.440147 696 5.54611
0.439954 696 5.54618
0.439567 696 5.54653
0.43918 696 5.54665
0.438987 696 5.54678
0.438987 695 5.54691
0.438987 694 5.54696
0.438793 694 5.54697
0.438793 693 5.5472
0.4386 693 5.54781
0.4386 692 5.54814
0.438406 692 5.54823
0.438406 691 5.54826
0.438213 691 5.54843
0.43802 691 5.54851
0.437826 691 5.54862
0.437633 691 5.54884
0.43744 691 5.54889
0.437246 691 5.54899
0.437053 691 5.54954
0.436859 691 5.54985
0.436666 691 5.55003
0.436473 691 5.5503
0.436279 691 5.55034
0.436086 691 5.55054
0.435892 691 5.55066
0.435892 690 5.55092
0.435699 690 5.55094
0.435506 690 5.55119
0.435312 690 5.55144
0.435119 690 5.55165
0.434926 690 5.55166
0.434732 690 5.55175
0.434732 689 5.55176
0.434539 689 5.55178
0.434345 689 5.5519
0.434152 689 5.55197
0.433959 689 5.55201
0.433765 689 5.55211
0.433572 689 5.55226
0.433378 689 5.5527
0.433378 688 5.55271
0.433185 688 5.55295
0.433185 687 5.55317
0.432992 687 5.55318
0.432798 687 5.55332
0.432605 687 5.55349
0.432412 687 5.55371
0.432412 686 5.55379
0.432218 686 5.5538
0.432025 686 5.55393
0.431831 686 5.55451
0.431638 686 5.55468
0.431445 686 5.5551
0.431445 685 5.55542
0.431445 684 5.55563
0.431251 684 5.5557
0.431058 684 5.55574
0.430864 684 5.55578
0.430864 683 5.55627
0.430671 683 5.55635
0.430478 683 5.55649
0.430284 683 5.55655
0.430091 682 5.55657
0.429898 682 5.55668
0.429704 682 5.55671
0.429511 682 5.55685
0.429317 682 5.55707
0.429317 681 5.5574
0.429317 680 5.55759
0.429124 680 5.55822
0.428931 680 5.5584
0.428737 680 5.55853
0.428544 680 5.55865
0.428544 679 5.55869
0.42835 679 5.55905
0.428157 679 5.55913
0.427964 679 5.55947
0.42777 679 5.55986
0.427577 679 5.55992
0.427383 679 5.56021
0.42719 679 5.56023
0.426997 679 5.56026
0.426803 679 5.56134
0.42661 679 5.5614
0.426417 679 5.56184
0.426417 678 5.56206
0.426223 678 5.56214
0.42603 678 5.56216
0.425836 678 5.56219
0.425643 678 5.56231
0.42545 678 5.5625
0.425256 678 5.56252
0.425063 678 5.5626
0.424869 678 5.5627
0.424676 678 5.5628
0.424483 678 5.56305
0.424289 678 5.56313
0.424096 678 5.56315
0.424096 677 5.56318
0.424096 676 5.5633
0.424096 675 5.56357
0.423903 675 5.5637
0.423709 675 5.56375
0.423516 675 5.56388
0.423322 675 5.56405
0.423129 675 5.56422
0.422936 675 5.56426
0.422742 675 5.56454
0.422549 675 5.56475
0.422355 675 5.56527
0.422162 675 5.56532
0.422162 674 5.56535
0.421969 674 5.56591
0.421775 674 5.56605
0.421582 674 5.56627
0.421389 674 5.56661
0.421389 673 5.56714
0.421389 672 5.56715
0.421389 671 5.56747
0.421195 671 5.56752
0.421195 670 5.56761
0.421002 670 5.56765
0.420615 670 5.5677
0.420422 670 5.56777
0.420422 669 5.56781
0.420228 669 5.56791
0.420035 669 5.56814
0.419841 669 5.56824
0.419648 669 5.56843
0.419455 669 5.56845
0.419455 668 5.56863
0.419261 668 5.56864
0.419068 668 5.56881
0.418874 668 5.56903
0.418681 668 5.56918
0.418488 668 5.56922
0.418488 667 5.56947
0.418294 667 5.56948
0.418101 667 5.56985
0.417908 667 5.56992
0.417714 667 5.57088
0.417521 667 5.57103
0.417327 667 5.57109
0.417134 667 5.57158
0.416941 667 5.57217
0.416747 667 5.57225
0.416554 667 5.57229
0.41636 667 5.57239
0.416167 667 5.57252
0.415974 667 5.57257
0.415974 666 5.57263
0.41578 666 5.57268
0.415587 666 5.57272
0.415394 666 5.57341
0.4152 666 5.57365
0.415007 666 5.57377
0.415007 665 5.57378
0.414813 665 5.57381
0.41462 665 5.57398
0.414427 665 5.57421
0.414233 665 5.57465
0.41404 665 5.57499
0.413846 665 5.57509
0.413653 665 5.57515
0.41346 665 5.57523
0.413266 665 5.57539
0.413073 664 5.57556
0.41288 664 5.57563
0.412686 664 5.57567
0.412493 664 5.57665
0.412299 664 5.57683
0.412106 664 5.57717
0.412106 663 5.57721
0.411913 663 5.57739
0.411719 663 5.57764
0.411719 662 5.57772
0.411526 662 5.57792
0.411526 661 5.57798
0.411526 660 5.57844
0.411332 660 5.57889
0.411139 660 5.57901
0.410946 660 5.57935
0.410752 660 5.57968
0.410559 660 5.58006
0.410365 660 5.58008
0.410172 660 5.58009
0.409979 660 5.58021
0.409785 660 5.58023
0.409785 659 5.58028
0.409592 659 5.5803
0.409399 659 5.58031
0.409205 659 5.5804
0.409205 658 5.58065
0.409205 657 5.58096
0.409012 657 5.58099
0.408818 657 5.58164
0.408818 656 5.58177
0.408625 656 5.58225
0.408432 656 5.58246
0.408432 655 5.5825
0.408238 655 5.58251
0.408238 654 5.58266
0.408045 654 5.58287
0.407851 654 5.58294
0.407658 654 5.58297
0.407465 654 5.58316
0.407271 654 5.58318
0.407078 654 5.58319
0.406885 654 5.5832
0.406691 654 5.58338
0.406498 654 5.58342
0.406304 654 5.5835
0.406111 654 5.58357
0.406111 653 5.58387
0.405918 653 5.5839
0.405724 653 5.58391
0.405531 653 5.58446
0.405531 652 5.58449
0.405337 652 5.58458
0.405144 652 5.58547
0.404951 652 5.58559
0.404757 652 5.58566
0.404564 652 5.58581
0.404371 652 5.58591
0.404371 651 5.58605
0.404371 650 5.58622
0.404177 650 5.58623
0.404177 648 5.58636
0.403984 648 5.58647
0.40379 648 5.58656
0.403597 648 5.58672
0.403404 648 5.58695
0.40321 648 5.5873
0.40321 647 5.58759
0.40321 646 5.58762
0.403017 646 5.58785
0.402823 646 5.58796
0.402823 645 5.58798
0.402437 645 5.58806
0.402437 644 5.58811
0.402243 644 5.58819
0.40205 644 5.58846
0.401857 644 5.58854
0.401663 644 5.58867
0.40147 644 5.58876
0.401276 644 5.58883
0.401276 643 5.58887
0.401083 643 5.58895
0.40089 643 5.58903
0.400696 643 5.58926
0.400503 643 5.58942
0.400309 643 5.58965
0.400116 643 5.58996
0.399923 643 5.59022
0.399729 643 5.5903
0.399536 643 5.59047
0.399342 643 5.59081
0.399149 643 5.59129
0.398956 643 5.59139
0.398762 643 5.5917
0.398762 642 5.59177
0.398569 642 5.59181
0.398376 642 5.59182
0.398376 641 5.59185
0.398376 640 5.59188
0.398182 640 5.59196
0.397989 640 5.59217
0.397989 639 5.59225
0.397795 639 5.59233
0.397602 639 5.59245
0.397215 639 5.59289
0.397022 639 5.59321
0.396828 639 5.59336
0.396635 639 5.59358
0.396635 638 5.59475
0.396635 637 5.59486
0.396635 636 5.5952
0.396442 636 5.59528
0.396248 636 5.59572
0.396055 636 5.59575
0.395862 636 5.59592
0.395475 636 5.59613
0.395281 636 5.59614
0.395088 636 5.59617
0.394895 636 5.59642
0.394701 636 5.59666
0.394508 636 5.59671
0.394314 636 5.59681
0.394314 635 5.59688
0.394121 635 5.59701
0.393928 635 5.59706
0.393734 635 5.59714
0.393541 635 5.59734
0.393348 635 5.5975
0.393348 634 5.59782
0.393154 634 5.59842
0.392961 634 5.59848
0.392767 634 5.5985
0.392574 634 5.59868
0.392381 634 5.59899
0.392381 633 5.5991
0.392187 633 5.59918
0.391994 633 5.59938
0.391994 632 5.59942
0.3918 632 5.59946
0.391607 632 5.59947
0.391607 631 5.5997
0.391414 631 5.59998
0.39122 631 5.60012
0.391027 631 5.60013
0.390833 631 5.60022
0.390833 630 5.60031
0.39064 630 5.60036
0.390447 630 5.60084
0.390253 630 5.60099
0.39006 630 5.60103
0.389867 630 5.60156
0.389673 630 5.6018
0.389673 629 5.60191
0.38948 629 5.60206
0.389286 629 5.60247
0.389093 629 5.60268
0.3889 629 5.60275
0.388513 629 5.60282
0.388513 628 5.60384
0.388319 628 5.60396
0.388126 628 5.604
0.388126 627 5.60402
0.387933 627 5.60417
0.387546 627 5.60422
0.387353 627 5.6043
0.387159 627 5.60463
0.387159 626 5.60502
0.386966 626 5.60506
0.386772 626 5.60513
0.386579 626 5.60524
0.386386 626 5.60525
0.386192 626 5.60541
0.385999 626 5.60552
0.385999 625 5.60574
0.385805 625 5.60637
0.385612 625 5.60641
0.385419 625 5.60682
0.385225 625 5.60709
0.385032 625 5.60727
0.384839 625 5.6073
0.384645 625 5.60752
0.384452 625 5.60761
0.384065 625 5.60768
0.383872 625 5.60803
0.383678 625 5.60811
0.383485 625 5.60846
0.383291 625 5.60852
0.383098 625 5.60862
0.382905 625 5.60863
0.382711 625 5.60866
0.382711 624 5.60878
0.382518 624 5.60893
0.382325 624 5.60921
0.382131 624 5.60931
0.381938 624 5.60985
0.381744 624 5.6099
0.381744 623 5.6101
0.381744 622 5.61025
0.381551 622 5.61036
0.381358 622 5.61057
0.381164 622 5.61066
0.381164 621 5.61072
0.380971 621 5.6108
0.380971 620 5.61085
0.380971 619 5.61088
0.380777 619 5.61097
0.380777 618 5.611
0.380777 617 5.61102
0.380584 617 5.61128
0.380391 617 5.61193
0.380391 616 5.61216
0.380391 615 5.61217
0.380197 615 5.61248
0.380004 615 5.61255
0.37981 615 5.61263
0.379617 615 5.61295
0.379617 614 5.61302
0.379424 614 5.6132
0.37923 614 5.6133
0.379037 614 5.61348
0.379037 613 5.61398
0.378844 613 5.61401
0.37865 613 5.61409
0.378457 613 5.61414
0.378263 613 5.61421
0.37807 613 5.61443
0.37807 612 5.61462
0.37807 611 5.61497
0.377877 611 5.61499
0.377683 611 5.61502
0.37749 611 5.61525
0.37749 610 5.61534
0.377296 610 5.61561
0.377296 609 5.61587
0.377103 609 5.61617
0.37691 609 5.61645
0.37691 608 5.61652
0.376716 608 5.61781
0.376523 608 5.61867
0.37633 608 5.61876
0.37633 607 5.61879
0.376136 607 5.61892
0.375943 607 5.61965
0.375749 607 5.61972
0.375556 607 5.61975
0.375556 606 5.6198
0.375363 606 5.61992
0.375169 606 5.62016
0.374976 606 5.62017
0.374782 606 5.6202
0.374589 606 5.62045
0.374396 606 5.62067
0.374202 606 5.62073
0.374009 606 5.621
0.373816 606 5.62106
0.373622 606 5.62107
0.373429 606 5.6213
0.373235 606 5.62139
0.373235 605 5.62151
0.373042 605 5.62183
0.373042 604 5.62209
0.373042 603 5.62215
0.373042 602 5.62233
0.372849 602 5.62246
0.372655 602 5.62266
0.372462 602 5.62267
0.372462 601 5.62275
0.372462 600 5.62311
0.372268 600 5.6235
0.372075 600 5.62368
0.371882 600 5.62376
0.371882 599 5.62393
0.371882 598 5.62408
0.371882 597 5.62409
0.371688 597 5.62417
0.371495 597 5.6242
0.371301 597 5.62422
0.371108 597 5.62446
0.371108 596 5.62456
0.370915 596 5.62468
0.370721 596 5.62472
0.370528 596 5.62502
0.370335 596 5.62552
0.370335 595 5.62578
0.370141 595 5.62579
0.369948 595 5.6259
0.369754 595 5.62619
0.369561 595 5.62653
0.369368 595 5.62659
0.369174 595 5.62662
0.368981 595 5.62687
0.368787 595 5.62688
0.368594 595 5.62771
0.368594 594 5.62787
0.368401 594 5.62849
0.368207 594 5.62869
0.367821 594 5.62873
0.367627 594 5.62887
0.367434 594 5.6289
0.36724 594 5.62894
0.367047 594 5.6291
0.366854 594 5.62924
0.366854 593 5.62948
0.366854 592 5.62955
0.36666 592 5.6297
0.36666 591 5.6302
0.366467 591 5.63023
0.366273 591 5.63024
0.366273 590 5.63061
0.36608 590 5.63187
0.365887 590 5.63188
0.365887 589 5.63218
0.365693 588 5.63239
0.3655 588 5.63243
0.365307 588 5.63246
0.365113 588 5.63255
0.36492 588 5.63273
0.36492 587 5.6328
0.364726 587 5.63282
0.364533 587 5.63284
0.36434 587 5.63288
0.36434 586 5.63296
0.364146 586 5.63299
0.363953 586 5.63303
0.363759 586 5.63336
0.363759 585 5.63361
0.363566 585 5.63367
0.363566 584 5.63396
0.363373 584 5.63398
0.363179 584 5.63401
0.362986 584 5.63441
0.362792 584 5.63454
0.362599 584 5.63494
0.362599 583 5.63498
0.362599 582 5.63516
0.362406 582 5.6353
0.362212 582 5.63547
0.362019 582 5.63551
0.362019 581 5.63558
0.362019 580 5.6358
0.362019 579 5.63618
0.361826 579 5.63619
0.361826 578 5.63643
0.361632 578 5.63655
0.361439 578 5.63688
0.361245 578 5.63697
0.361052 578 5.6371
0.360859 578 5.63729
0.360859 577 5.63742
0.360665 577 5.6377
0.360472 577 5.63801
0.360278 577 5.63834
0.360085 577 5.6384
0.360085 576 5.63891
0.359892 576 5.63919
0.359698 576 5.63961
0.359505 576 5.63963
0.359312 576 5.63973
0.359312 575 5.63979
0.359118 575 5.64005
0.358925 575 5.64033
0.358731 575 5.64036
0.358538 575 5.64064
0.358345 575 5.64079
0.358151 575 5.6408
0.357958 575 5.64107
0.357958 574 5.64136
0.357764 574 5.64142
0.357571 574 5.64185
0.357378 574 5.64191
0.357184 574 5.64212
0.357184 573 5.64219
0.357184 572 5.64241
0.357184 571 5.64313
0.356991 571 5.64341
0.356798 571 5.64344
0.356604 571 5.64364
0.356411 571 5.64392
0.356217 571 5.64401
0.356024 571 5.64403
0.355831 571 5.64417
0.355831 570 5.64425
0.355637 570 5.64442
0.355637 569 5.64447
0.355444 569 5.64455
0.355444 568 5.64468
0.35525 568 5.64495
0.355057 568 5.64496
0.354864 568 5.64504
0.354864 567 5.6451
0.35467 567 5.64542
0.354477 567 5.64617
0.354477 566 5.64668
0.354284 566 5.64736
0.35409 566 5.64775
0.353897 566 5.64789
0.353703 566 5.64816
0.35351 566 5.64839
0.353317 566 5.64844
0.353123 566 5.64846
0.35293 566 5.6485
0.352736 566 5.64859
0.352543 566 5.64871
0.352156 566 5.64889
0.352156 565 5.64905
0.352156 564 5.64908
0.351963 564 5.64914
0.351769 564 5.64946
0.351576 564 5.6496
0.351383 564 5.64975
0.351189 564 5.64991
0.350996 564 5.64999
0.350803 564 5.65012
0.350609 564 5.65022
0.350609 563 5.65024
0.350416 563 5.65035
0.350029 563 5.65072
0.349836 563 5.65099
0.349642 563 5.65104
0.349449 563 5.65115
0.349255 563 5.65116
0.349255 562 5.65146
0.349062 562 5.65194
0.348869 561 5.65195
0.348675 561 5.65196
0.348482 561 5.65215
0.348482 560 5.65224
0.348289 560 5.65235
0.348095 560 5.65249
0.347902 560 5.65282
0.347708 560 5.65321
0.347515 560 5.65331
0.347322 560 5.65348
0.347128 560 5.65349
0.346935 560 5.65354
0.346741 560 5.65358
0.346548 560 5.65367
0.346355 560 5.65369
0.346355 559 5.65378
0.346161 559 5.65383
0.346161 558 5.65387
0.345968 558 5.65388
0.345775 558 5.65409
0.345581 558 5.65415
0.345388 558 5.65425
0.345194 558 5.65479
0.345001 558 5.6548
0.345001 557 5.6549
0.344808 557 5.6552
0.344614 557 5.65524
0.344421 557 5.65536
0.344227 557 5.65545
0.344034 557 5.65546
0.343841 557 5.65551
0.343647 557 5.65576
0.343454 557 5.65588
0.34326 557 5.65603
0.34326 556 5.65605
0.34326 555 5.6562
0.343067 555 5.65636
0.342874 555 5.65642
0.34268 555 5.65669
0.342487 555 5.65679
0.342294 555 5.65702
0.3421 555 5.65708
0.341907 555 5.65715
0.341713 555 5.65729
0.34152 555 5.65731
0.341327 555 5.65746
0.341327 554 5.65807
0.341133 554 5.65808
0.341133 553 5.65823
0.34094 553 5.65841
0.340746 553 5.65879
0.340553 553 5.6589
0.34036 553 5.65902
0.34036 552 5.65931
0.340166 552 5.65972
0.339973 552 5.65988
0.33978 552 5.66013
0.339586 552 5.66028
0.339586 551 5.66035
0.339393 551 5.66074
0.339199 551 5.66078
0.339199 550 5.66082
0.339006 550 5.66084
0.338813 550 5.66097
0.338619 550 5.66145
0.338619 549 5.66154
0.338426 549 5.66159
0.338232 549 5.66162
0.338039 549 5.66187
0.337846 549 5.66218
0.337652 549 5.66221
0.337459 549 5.66222
0.337266 549 5.66242
0.337072 549 5.6626
0.336879 549 5.66286
0.336685 549 5.66295
0.336492 549 5.66296
0.336492 548 5.66313
0.336299 548 5.66335
0.336105 548 5.6639
0.335912 548 5.66393
0.335718 548 5.66395
0.335525 548 5.66417
0.335525 547 5.66437
0.335332 547 5.66465
0.335138 547 5.66467
0.334945 547 5.66482
0.334751 547 5.66496
0.334558 547 5.66505
0.334365 547 5.66535
0.334171 547 5.66538
0.334171 546 5.66546
0.333785 546 5.66565
0.333591 546 5.66568
0.333591 545 5.66578
0.333398 545 5.66609
0.333398 544 5.66668
0.333398 543 5.66676
0.333204 543 5.66727
0.333011 543 5.66767
0.333011 542 5.66774
0.332818 542 5.66783
0.332624 542 5.66786
0.332431 542 5.66799
0.332237 542 5.66847
0.332044 542 5.66848
0.331851 541 5.66883
0.331657 541 5.6689
0.331657 540 5.66917
0.331657 539 5.66921
0.331464 539 5.66931
0.331271 539 5.66989
0.331077 539 5.67053
0.330884 539 5.67098
0.33069 539 5.67135
0.33069 538 5.67151
0.330497 538 5.67155
0.330304 538 5.67169
0.33011 538 5.67201
0.329917 538 5.6724
0.329917 537 5.67286
0.329723 537 5.67359
0.32953 537 5.674
0.32953 536 5.67431
0.329337 536 5.67438
0.329143 536 5.67456
0.32895 536 5.67489
0.328757 536 5.67491
0.328757 535 5.67498
0.328563 535 5.67525
0.32837 535 5.67526
0.32837 534 5.67539
0.32837 533 5.67541
0.328176 533 5.67545
0.327983 533 5.67561
0.32779 533 5.67565
0.32779 532 5.67573
0.327403 532 5.67618
0.327209 532 5.67662
0.327016 532 5.67667
0.326823 532 5.67674
0.326823 531 5.67677
0.326629 531 5.67683
0.326436 531 5.67788
0.326243 531 5.67795
0.326049 530 5.67891
0.325856 530 5.67927
0.325662 530 5.6795
0.325469 530 5.67981
0.325276 530 5.67993
0.324889 530 5.67999
0.324695 530 5.68021
0.324502 530 5.68051
0.324309 530 5.68061
0.324309 529 5.68085
0.324115 529 5.68272
0.323922 529 5.68291
0.323728 529 5.683
0.323535 529 5.68363
0.323342 529 5.68372
0.323148 529 5.68373
0.323148 528 5.68384
0.323148 527 5.68396
0.322955 527 5.6845
0.322762 527 5.68479
0.322568 527 5.68556
0.322375 527 5.68615
0.322375 526 5.68626
0.322181 526 5.68646
0.322181 525 5.68647
0.321988 525 5.68672
0.321795 525 5.68679
0.321601 525 5.68697
0.321408 525 5.68707
0.321214 525 5.68735
0.321021 525 5.68745
0.320828 525 5.68751
0.320828 524 5.68755
0.320634 524 5.68777
0.320441 524 5.6881
0.320248 524 5.68816
0.320054 524 5.68856
0.319861 524 5.68884
0.319474 524 5.68896
0.319281 523 5.68907
0.319281 522 5.68908
0.319087 522 5.68936
0.318894 522 5.68937
0.3187 522 5.68949
0.318507 522 5.68958
0.318314 522 5.68962
0.31812 522 5.68982
0.317927 522 5.69013
0.317734 522 5.69068
0.31754 522 5.69095
0.317347 522 5.69105
0.317347 521 5.69131
0.317153 521 5.69154
0.31696 521 5.69168
0.316767 521 5.69206
0.316573 521 5.69249
0.316573 520 5.6926
0.31638 520 5.69283
0.316186 520 5.69286
0.316186 519 5.69318
0.315993 519 5.69339
0.3158 519 5.69344
0.3158 518 5.69345
0.315606 518 5.69346
0.315413 518 5.69365
0.315219 518 5.69376
0.315026 518 5.69389
0.315026 517 5.69393
0.314833 517 5.69456
0.314639 517 5.69466
0.314446 517 5.69467
0.314253 517 5.69481
0.314059 517 5.6951
0.313866 517 5.69523
0.313672 517 5.69528
0.313479 517 5.69529
0.313479 516 5.69535
0.313286 516 5.6956
0.313092 516 5.69564
0.312899 516 5.69571
0.312705 516 5.69579
0.312512 516 5.69583
0.312319 516 5.69608
0.312125 516 5.69612
0.311932 516 5.69613
0.311739 516 5.69636
0.311545 516 5.69649
0.311352 516 5.69676
0.311158 516 5.6971
0.310965 516 5.69729
0.310772 516 5.69732
0.310578 516 5.69755
0.310578 515 5.69756
0.310385 515 5.69811
0.310191 515 5.69812
0.310191 514 5.69877
0.310191 513 5.69884
0.309998 513 5.69908
0.309805 513 5.69915
0.309611 513 5.69928
0.309418 513 5.69964
0.309225 513 5.69983
0.309031 513 5.69998
0.308838 513 5.70005
0.308644 513 5.70014
0.308644 512 5.70032
0.308451 512 5.70039
0.308258 512 5.70068
0.308064 512 5.70168
0.307871 512 5.7017
0.307677 512 5.70172
0.307484 512 5.70186
0.307291 512 5.70204
0.307291 511 5.70233
0.307291 510 5.7026
0.307097 510 5.70278
0.306904 510 5.70282
0.306904 509 5.70345
0.306904 508 5.70353
0.306711 508 5.70384
0.306517 508 5.70425
0.306517 507 5.70434
0.306517 506 5.70459
0.306324 506 5.70468
0.30613 506 5.70479
0.305937 506 5.70483
0.305744 506 5.70509
0.30555 506 5.70558
0.305357 506 5.70564
0.305163 506 5.70586
0.30497 506 5.70601
0.304777 506 5.70604
0.304777 505 5.70613
0.304583 505 5.70626
0.30439 505 5.70645
0.304196 505 5.70684
0.304003 505 5.70694
0.30381 505 5.70712
0.30381 504 5.70715
0.30381 503 5.7072
0.303616 503 5.70746
0.303616 502 5.70749
0.303423 502 5.70774
0.303423 501 5.70787
0.30323 501 5.70815
0.303036 501 5.70822
0.302843 501 5.70839
0.302649 501 5.70885
0.302456 501 5.70886
0.302263 501 5.70911
0.302263 500 5.70912
0.302069 500 5.70938
0.301876 500 5.70967
0.301682 500 5.70979
0.301489 500 5.70987
0.301296 500 5.71074
0.301296 499 5.71079
0.301102 499 5.71084
0.300909 499 5.71106
0.300716 499 5.7112
0.300522 499 5.71132
0.300522 498 5.71163
0.300329 498 5.71165
0.300329 497 5.71192
0.300135 497 5.71195
0.299942 497 5.71201
0.299749 497 5.7121
0.299749 496 5.71215
0.299555 496 5.71216
0.299362 496 5.71245
0.299168 496 5.71313
0.298975 496 5.71332
0.298782 496 5.71352
0.298588 496 5.71373
0.298395 496 5.71408
0.298202 496 5.71419
0.298008 496 5.71452
0.297815 496 5.71482
0.297621 496 5.71486
0.297428 496 5.71506
0.297428 495 5.71509
0.297428 494 5.71514
0.297235 494 5.71526
0.297041 494 5.71537
0.296848 494 5.71573
0.296654 494 5.71576
0.296461 494 5.71585
0.296268 494 5.7159
0.296074 494 5.71596
0.295881 494 5.71638
0.295687 494 5.71655
0.295494 494 5.71697
0.295301 494 5.71708
0.295107 493 5.71769
0.294914 493 5.71783
0.294721 493 5.71788
0.294721 492 5.71819
0.294527 492 5.71858
0.294334 492 5.71881
0.294334 491 5.71891
0.29414 491 5.71897
0.29414 490 5.71942
0.293947 490 5.71944
0.293754 490 5.71978
0.29356 490 5.71995
0.293367 490 5.72019
0.293173 490 5.72058
0.29298 490 5.72087
0.292787 490 5.72095
0.292593 490 5.72096
0.2924 490 5.72097
0.2924 489 5.72115
0.292207 489 5.72122
0.292013 489 5.72133
0.292013 488 5.72163
0.29182 488 5.72185
0.291626 488 5.72188
0.291433 488 5.72194
0.29124 488 5.72217
0.291046 488 5.7223
0.290853 488 5.72237
0.290659 488 5.72327
0.290466 488 5.72329
0.290079 488 5.7234
0.289886 488 5.72346
0.289693 488 5.72357
0.289499 488 5.72361
0.289306 488 5.72378
0.289112 488 5.72379
0.288919 488 5.724
0.288726 488 5.72445
0.288339 488 5.72535
0.287952 488 5.72554
0.287759 488 5.72556
0.287565 488 5.72562
0.287372 488 5.72572
0.287178 488 5.72573
0.287178 487 5.72621
0.286985 487 5.7265
0.286792 487 5.72695
0.286792 486 5.72704
0.286598 486 5.7273
0.286405 486 5.72735
0.286405 485 5.72737
0.286212 485 5.72807
0.286018 485 5.72824
0.285825 485 5.72839
0.285631 485 5.72847
0.285438 485 5.7285
0.285245 485 5.72892
0.285051 485 5.72897
0.284858 485 5.72899
0.284664 485 5.72918
0.284471 485 5.72922
0.284471 484 5.72937
0.284471 483 5.72947
0.284278 483 5.72973
0.284084 483 5.72974
0.283891 483 5.72978
0.283698 483 5.73004
0.283504 483 5.73032
0.283311 483 5.73139
0.283311 482 5.73165
0.283311 481 5.73171
0.283117 481 5.73202
0.282924 481 5.73209
0.282731 481 5.73303
0.282537 481 5.73307
0.282344 481 5.73309
0.28215 481 5.73312
0.28215 480 5.73342
0.281957 480 5.73396
0.28157 480 5.73399
0.281377 480 5.73408
0.281184 480 5.73447
0.281184 479 5.73484
0.281184 478 5.73489
0.28099 478 5.735
0.280797 478 5.73524
0.280797 477 5.73589
0.280603 477 5.73593
0.28041 477 5.73611
0.280217 477 5.73612
0.280023 477 5.73618
0.27983 477 5.73631
0.279636 477 5.73647
0.279636 476 5.73655
0.279443 476 5.73657
0.279443 475 5.73664
0.279443 474 5.73689
0.27925 474 5.73734
0.279056 474 5.73782
0.278863 474 5.73783
0.278863 473 5.73786
0.27867 473 5.73787
0.278476 473 5.73834
0.278283 473 5.73889
0.278089 473 5.7389
0.278089 472 5.73899
0.278089 471 5.73908
0.277896 471 5.73939
0.277703 471 5.73942
0.277509 471 5.73975
0.277509 470 5.74007
0.277316 470 5.74034
0.277122 470 5.74045
0.276929 470 5.74048
0.276736 470 5.74084
0.276542 470 5.74148
0.276349 470 5.74174
0.276349 469 5.74187
0.276349 468 5.74202
0.276155 468 5.74262
0.275962 468 5.74264
0.275962 467 5.74274
0.275962 466 5.74301
0.275769 466 5.74323
0.275575 466 5.74337
0.275575 465 5.74347
0.275382 465 5.7436
0.275189 465 5.74366
0.274995 465 5.7437
0.274802 465 5.74476
0.274802 464 5.74501
0.274608 464 5.74545
0.274415 464 5.74549
0.274222 464 5.74551
0.274028 464 5.74641
0.274028 462 5.74678
0.274028 461 5.7468
0.274028 460 5.7469
0.273835 460 5.74693
0.273835 459 5.74708
0.273641 459 5.74726
0.273448 459 5.74727
0.273255 459 5.74732
0.273255 458 5.74743
0.273061 458 5.74767
0.272868 458 5.74814
0.272675 458 5.74818
0.272481 458 5.74848
0.272288 458 5.74865
0.272094 458 5.74935
0.271901 458 5.7507
0.271708 458 5.75085
0.271514 458 5.75095
0.271321 458 5.75131
0.271127 458 5.7514
0.270934 458 5.75142
0.270741 458 5.75187
0.270741 457 5.75197
0.270741 456 5.75201
0.270547 456 5.75202
0.270354 456 5.75217
0.270161 456 5.75224
0.269967 456 5.75235
0.269774 456 5.75245
0.269774 455 5.75291
0.26958 455 5.75306
0.269387 455 5.75338
0.269194 455 5.75342
0.269 455 5.75344
0.268807 455 5.75347
0.268613 455 5.7535
0.26842 455 5.7537
0.268227 455 5.75382
0.268227 454 5.75388
0.268033 454 5.75404
0.26784 454 5.75405
0.267646 454 5.75447
0.267453 454 5.75454
0.26726 454 5.75485
0.267066 454 5.75497
0.267066 453 5.75507
0.266873 453 5.7552
0.266873 452 5.75588
0.26668 452 5.75634
0.266486 452 5.75637
0.266293 452 5.75649
0.266099 452 5.75661
0.266099 451 5.75695
0.266099 450 5.757
0.265906 450 5.7572
0.265713 450 5.75753
0.265519 450 5.7577
0.265326 450 5.75804
0.265132 450 5.75832
0.264939 450 5.75835
0.264746 450 5.75842
0.264552 450 5.75875
0.264552 449 5.75938
0.264359 449 5.76011
0.264166 449 5.76012
0.264166 448 5.76113
0.263972 448 5.76114
0.263972 447 5.76117
0.263972 446 5.76128
0.263779 446 5.76137
0.263779 445 5.76152
0.263779 444 5.76154
0.263585 444 5.76179
0.263585 443 5.76194
0.263392 443 5.76196
0.263199 443 5.7621
0.263005 443 5.76225
0.263005 442 5.76249
0.262812 442 5.76255
0.262812 441 5.76296
0.262618 441 5.76299
0.262425 441 5.76321
0.262232 441 5.76327
0.262038 441 5.76335
0.261845 441 5.7634
0.261652 441 5.76375
0.261458 441 5.76401
0.261265 441 5.76473
0.261071 441 5.76477
0.260878 441 5.76537
0.260878 440 5.76553
0.260685 440 5.76554
0.260491 440 5.76594
0.260298 440 5.76606
0.260104 440 5.76615
0.259911 440 5.76646
0.259718 440 5.76706
0.259524 440 5.76712
0.259331 440 5.76719
0.259137 440 5.76745
0.258944 440 5.76785
0.258751 440 5.76787
0.258751 439 5.76818
0.258557 439 5.76839
0.258364 439 5.7684
0.258171 439 5.76855
0.257977 439 5.76858
0.257977 438 5.7688
0.257784 438 5.76894
0.25759 438 5.76923
0.257397 438 5.76969
0.257204 438 5.77021
0.25701 437 5.77024
0.256817 437 5.77036
0.256817 436 5.77048
0.256623 436 5.77068
0.25643 436 5.77069
0.256237 436 5.77137
0.256043 436 5.77147
0.25585 436 5.77209
0.255657 436 5.77233
0.255463 436 5.77278
0.25527 436 5.77279
0.25527 435 5.77307
0.25527 434 5.77311
0.255076 434 5.77354
0.254883 434 5.77359
0.25469 434 5.7741
0.254303 434 5.77414
0.254109 434 5.77446
0.253916 434 5.77482
0.253723 434 5.77518
0.253529 434 5.77532
0.253336 434 5.77548
0.253143 434 5.77562
0.252949 434 5.77571
0.252756 434 5.77597
0.252562 434 5.77608
0.252369 434 5.77629
0.252176 434 5.77676
0.251982 434 5.77694
0.251789 434 5.77699
0.251595 434 5.7772
0.251402 434 5.77722
0.251209 434 5.77818
0.251015 434 5.77822
0.250822 434 5.77832
0.250629 434 5.77834
0.250435 434 5.77869
0.250435 433 5.77995
0.250242 433 5.78016
0.250242 432 5.78032
0.250048 432 5.78041
0.249855 432 5.78054
0.249662 432 5.7806
0.249468 432 5.78212
0.249275 432 5.78213
0.249081 432 5.7823
0.248888 432 5.78236
0.248695 432 5.78238
0.248501 432 5.78258
0.248308 432 5.78261
0.248114 432 5.78264
0.247921 432 5.78287
0.247921 431 5.78316
0.247728 431 5.78346
0.247728 430 5.7835
0.247728 429 5.78378
0.247534 429 5.78396
0.247534 428 5.78398
0.247341 428 5.7841
0.247341 427 5.78412
0.247341 426 5.78442
0.247148 426 5.78472
0.246954 426 5.78514
0.246761 426 5.78567
0.246567 426 5.78583
0.246567 425 5.78593
0.246374 425 5.7863
0.246374 424 5.78631
0.246181 424 5.78645
0.245987 424 5.78649
0.245987 423 5.78664
0.245794 423 5.78703
0.245794 422 5.78736
0.245794 421 5.78793
0.2456 421 5.78798
0.2456 420 5.78822
0.245407 420 5.78837
0.245407 419 5.7884
0.245214 419 5.78934
0.24502 419 5.78937
0.244827 419 5.78938
0.244827 418 5.78948
0.244634 418 5.78949
0.244634 417 5.78955
0.24444 417 5.78983
0.24444 416 5.78996
0.244247 416 5.79055
0.244053 416 5.79119
0.24386 416 5.79137
0.24386 415 5.79142
0.24386 414 5.79146
0.243667 414 5.79171
0.243473 414 5.79236
0.24328 414 5.79298
0.243086 414 5.79336
0.242893 414 5.79366
0.2427 414 5.79431
0.242506 414 5.7948
0.242313 414 5.79486
0.242313 413 5.79496
0.24212 413 5.79509
0.24212 412 5.79538
0.24212 411 5.79551
0.24212 410 5.79569
0.241926 410 5.79583
0.241926 409 5.79606
0.241733 409 5.79699
0.241539 409 5.79714
0.241346 409 5.79719
0.241153 409 5.79735
0.240959 409 5.79782
0.240766 409 5.79822
0.240572 409 5.79837
0.240379 409 5.79905
0.240186 409 5.79926
0.240186 408 5.79934
0.239992 408 5.79968
0.239799 408 5.7999
0.239605 408 5.80042
0.239605 407 5.80077
0.239412 407 5.8015
0.239219 407 5.80168
0.239219 406 5.80202
0.239219 405 5.80336
0.239025 405 5.80365
0.238832 405 5.80371
0.238832 404 5.80439
0.238639 404 5.80467
0.238445 404 5.80473
0.238252 404 5.80474
0.238058 404 5.80497
0.238058 403 5.80574
0.238058 402 5.80575
0.237865 402 5.80592
0.237672 402 5.80599
0.237478 402 5.80627
0.237285 402 5.80635
0.237091 402 5.80637
0.236898 402 5.80642
0.236898 401 5.8067
0.236898 400 5.80686
0.236705 399 5.80694
0.236511 399 5.80695
0.236318 399 5.8072
0.236125 399 5.80789
0.235931 399 5.80803
0.235738 399 5.80919
0.235544 399 5.81093
0.235351 399 5.81154
0.235158 399 5.8121
0.234964 399 5.81229
0.234771 399 5.81303
0.234577 399 5.81332
0.234577 398 5.8135
0.234577 397 5.81381
0.234384 397 5.81591
0.234191 397 5.81626
0.233997 397 5.81635
0.233804 397 5.81642
0.233611 397 5.81686
0.233417 397 5.81693
0.233224 397 5.81701
0.233224 396 5.8172
0.23303 396 5.81745
0.232837 396 5.81746
0.232644 396 5.81795
0.23245 396 5.81799
0.232257 396 5.81813
0.232063 396 5.81821
0.23187 396 5.81822
0.23187 395 5.81826
0.231677 395 5.81839
0.231483 395 5.8188
0.23129 395 5.81883
0.231096 395 5.81886
0.230903 395 5.81902
0.23071 395 5.8194
0.230516 395 5.81973
0.230323 395 5.82064
0.23013 395 5.8215
0.23013 394 5.82157
0.229936 394 5.82184
0.229549 394 5.82298
0.229549 393 5.82403
0.229549 392 5.82406
0.229356 392 5.82476
0.229163 392 5.82484
0.229163 391 5.82493
0.228969 391 5.82509
0.228776 391 5.82556
0.228582 391 5.82621
0.228389 391 5.82692
0.228196 391 5.82734
0.228002 391 5.8281
0.227809 391 5.82824
0.227809 390 5.82847
0.227616 390 5.82861
0.227422 390 5.82917
0.227422 389 5.82956
0.227229 389 5.82992
0.227229 388 5.83058
0.227229 387 5.83091
0.227035 387 5.83093
0.226842 387 5.83106
0.226649 387 5.83138
0.226455 387 5.83174
0.226455 386 5.83191
0.226262 386 5.83209
0.226068 386 5.83211
0.226068 385 5.83213
0.225875 385 5.83238
0.225682 385 5.83251
0.225682 384 5.83267
0.225488 384 5.83286
0.225295 384 5.8329
0.225295 383 5.83367
0.225102 383 5.83407
0.225102 382 5.83426
0.224908 382 5.8348
0.224715 382 5.83535
0.224521 382 5.83539
0.224328 382 5.83551
0.224135 382 5.8356
0.223941 382 5.83577
0.223748 382 5.83582
0.223748 381 5.83606
0.223748 380 5.83626
0.223748 379 5.83635
0.223554 379 5.83681
0.223361 379 5.83748
0.223361 378 5.83821
0.223168 378 5.83844
0.223168 377 5.83883
0.222974 377 5.83893
0.222781 377 5.83941
0.222781 376 5.83964
0.222588 376 5.83983
0.222394 376 5.84021
0.222201 376 5.84056
0.222201 375 5.84105
0.222007 375 5.84155
0.221814 375 5.84223
0.221621 375 5.84243
0.221427 375 5.84258
0.221234 375 5.84269
0.221234 374 5.84275
0.22104 374 5.84276
0.22104 373 5.84286
0.22104 372 5.8432
0.220847 372 5.84322
0.220654 372 5.84361
0.220654 371 5.84386
0.220654 370 5.84393
0.22046 370 5.844
0.22046 369 5.84445
0.220267 369 5.84489
0.220073 369 5.8452
0.21988 369 5.84538
0.21988 368 5.84544
0.219687 368 5.84562
0.219493 368 5.84619
0.219493 367 5.84636
0.2193 367 5.84664
0.2193 366 5.84697
0.219107 366 5.84702
0.218913 366 5.84728
0.21872 366 5.84741
0.218526 366 5.84771
0.218526 365 5.84774
0.218333 365 5.84793
0.21814 365 5.84821
0.217946 365 5.84905
0.217753 365 5.84916
0.217753 364 5.84934
0.217559 364 5.84935
0.217366 364 5.84969
0.217173 364 5.84996
0.216979 364 5.85001
0.216786 364 5.85007
0.216593 364 5.85039
0.216399 364 5.85056
0.216206 364 5.8507
0.216012 364 5.85144
0.216012 363 5.85148
0.216012 362 5.85191
0.215819 362 5.85204
0.215626 362 5.85223
0.215432 362 5.85239
0.215432 361 5.85242
0.215239 361 5.85243
0.215045 361 5.85255
0.215045 360 5.85428
0.215045 359 5.85446
0.214852 359 5.85469
0.214659 359 5.85495
0.214465 359 5.85563
0.214272 359 5.85564
0.214272 358 5.85602
0.214079 358 5.85612
0.213885 358 5.85671
0.213885 357 5.85696
0.213885 356 5.8575
0.213692 355 5.8576
0.213498 355 5.85788
0.213305 355 5.85803
0.213305 354 5.85843
0.213112 354 5.85865
0.212918 354 5.85916
0.212918 353 5.85917
0.212725 353 5.85934
0.212531 353 5.85942
0.212531 352 5.8595
0.212338 352 5.86029
0.212145 352 5.86062
0.211951 352 5.86097
0.211758 352 5.86133
0.211758 351 5.86136
0.211564 351 5.86175
0.211564 350 5.86177
0.211564 349 5.86189
0.211371 349 5.86205
0.211371 348 5.86348
0.211371 347 5.86371
0.211178 347 5.8638
0.210984 347 5.86384
0.210791 347 5.86437
0.210598 347 5.8645
0.210404 347 5.86454
0.210211 347 5.86476
0.210017 347 5.86523
0.209824 347 5.86553
0.209631 347 5.86585
0.209631 346 5.86592
0.209437 346 5.86597
0.209244 346 5.86608
0.20905 346 5.86636
0.208857 346 5.86648
0.208857 345 5.86653
0.208664 345 5.86676
0.20847 345 5.86681
0.208277 345 5.86683
0.208084 345 5.86703
0.20789 345 5.86734
0.207697 345 5.86758
0.207503 345 5.86833
0.207503 344 5.86867
0.20731 344 5.86948
0.207117 344 5.86973
0.206923 344 5.86991
0.206923 343 5.87122
0.20673 343 5.87128
0.206536 343 5.87136
0.206343 343 5.87164
0.20615 343 5.87235
0.205956 343 5.87287
0.205956 342 5.87343
0.205763 342 5.87361
0.205763 341 5.87383
0.20557 341 5.87457
0.205376 341 5.87495
0.205183 341 5.87516
0.204989 341 5.87522
0.204989 340 5.87541
0.204796 340 5.87555
0.204603 340 5.87566
0.204409 340 5.87568
0.204216 340 5.87583
0.204022 340 5.87615
0.203829 340 5.87681
0.203636 340 5.87714
0.203636 339 5.87733
0.203636 338 5.87754
0.203442 338 5.87787
0.203249 338 5.87789
0.203056 338 5.87818
0.202862 338 5.87837
0.202669 338 5.8794
0.202475 338 5.87959
0.202475 337 5.87971
0.202282 337 5.87972
0.202089 337 5.87996
0.201895 337 5.88032
0.201702 337 5.88064
0.201508 337 5.88096
0.201315 337 5.88148
0.201122 337 5.8819
0.200928 337 5.88202
0.200735 337 5.88244
0.200541 337 5.88246
0.200348 337 5.88304
0.200155 337 5.88397
0.199961 337 5.88408
0.199768 337 5.88413
0.199381 337 5.88475
0.199381 336 5.88496
0.199381 335 5.88504
0.199188 335 5.88511
0.198994 335 5.88522
0.198801 335 5.88551
0.198608 335 5.88558
0.198414 335 5.88566
0.198221 335 5.88585
0.198027 335 5.88644
0.197834 335 5.88653
0.197641 335 5.88682
0.197641 334 5.88688
0.197641 333 5.88761
0.197447 333 5.88862
0.197254 333 5.88972
0.197061 333 5.89009
0.196867 333 5.89013
0.196674 333 5.89021
0.19648 333 5.8905
0.19648 332 5.89097
0.196287 332 5.89112
0.196094 332 5.89146
0.196094 331 5.89153
0.1959 331 5.89177
0.195707 331 5.89197
0.195513 331 5.89277
0.19532 331 5.89278
0.195127 331 5.8937
0.195127 330 5.89378
0.195127 329 5.89395
0.195127 328 5.89415
0.194933 328 5.89456
0.19474 328 5.89505
0.194547 328 5.89519
0.194353 328 5.89525
0.19416 328 5.89531
0.193966 328 5.89552
0.193773 328 5.89596
0.19358 328 5.89638
0.193386 328 5.89658
0.193193 328 5.89665
0.193193 327 5.89688
0.192999 327 5.89692
0.192806 327 5.89694
0.192613 327 5.89705
0.192613 326 5.89707
0.192613 325 5.8972
0.192613 324 5.89731
0.192613 323 5.89734
0.192419 323 5.89766
0.192226 323 5.8977
0.192226 322 5.89796
0.192032 322 5.89814
0.191839 322 5.89878
0.191646 322 5.8988
0.191646 321 5.89929
0.191646 320 5.89934
0.191452 320 5.89948
0.191452 319 5.8995
0.191259 319 5.89951
0.191259 318 5.89958
0.191066 318 5.90072
0.190872 318 5.9015
0.190679 318 5.90157
0.190679 317 5.90173
0.190485 317 5.9022
0.190292 317 5.90229
0.190099 317 5.90234
0.190099 316 5.90247
0.190099 315 5.90256
0.189905 315 5.9028
0.189712 315 5.90288
0.189518 315 5.90314
0.189325 315 5.9033
0.189325 314 5.90385
0.189325 313 5.90416
0.189132 313 5.9042
0.189132 312 5.90437
0.188938 312 5.90452
0.188938 311 5.90507
0.188745 311 5.90541
0.188552 311 5.90631
0.188358 311 5.90632
0.188165 311 5.90644
0.187971 311 5.90716
0.187778 311 5.90738
0.187778 310 5.90796
0.187778 309 5.90848
0.187585 309 5.90862
0.187391 309 5.90892
0.187391 308 5.9098
0.187198 308 5.90997
0.187004 308 5.91034
0.186811 308 5.91035
0.186811 307 5.91045
0.186618 307 5.91048
0.186424 307 5.91061
0.186231 307 5.91074
0.185844 307 5.91097
0.185844 306 5.91098
0.185651 306 5.91184
0.185457 306 5.91228
0.185457 305 5.91229
0.185264 305 5.91259
0.185071 305 5.9131
0.184877 305 5.91376
0.184684 305 5.91391
0.18449 305 5.91428
0.184297 305 5.91432
0.184104 305 5.91465
0.18391 305 5.91471
0.183717 305 5.91527
0.183523 305 5.91546
0.183523 304 5.91553
0.18333 304 5.91632
0.18333 303 5.91644
0.183137 303 5.91662
0.182943 303 5.91666
0.18275 303 5.91677
0.18275 302 5.91692
0.182557 302 5.91806
0.182363 302 5.91808
0.181976 302 5.91812
0.181976 301 5.91914
0.181783 301 5.91934
0.18159 301 5.91949
0.18159 300 5.91968
0.181396 300 5.92072
0.181203 300 5.92201
0.181009 300 5.92429
0.180816 300 5.92477
0.180623 300 5.92616
0.180623 299 5.92642
0.180429 299 5.92715
0.180236 299 5.92752
0.180043 298 5.92767
0.179849 298 5.92788
0.179849 297 5.92832
0.179849 296 5.92841
0.179656 296 5.92875
0.179462 296 5.92882
0.179462 295 5.92886
0.179269 295 5.93021
0.179269 293 5.9303
0.179076 293 5.9305
0.178882 293 5.93051
0.178689 293 5.93104
0.178689 292 5.93136
0.178495 292 5.93169
0.178302 292 5.93186
0.178302 291 5.93191
0.178109 291 5.93192
0.177915 291 5.9324
0.177722 291 5.93243
0.177722 290 5.93248
0.177529 290 5.93288
0.177529 289 5.93306
0.177335 289 5.93309
0.177142 289 5.93313
0.176948 289 5.93357
0.176755 289 5.93367
0.176755 288 5.93371
0.176562 288 5.93416
0.176562 287 5.93418
0.176562 286 5.93427
0.176368 286 5.9343
0.176175 286 5.93476
0.175981 286 5.93479
0.175788 286 5.93491
0.175788 285 5.93503
0.175595 285 5.93636
0.175401 285 5.9364
0.175208 285 5.93644
0.175015 285 5.93646
0.175015 284 5.93684
0.175015 283 5.93749
0.174821 283 5.93752
0.174821 282 5.93909
0.174628 282 5.93951
0.174434 282 5.93962
0.174241 282 5.93976
0.174048 282 5.93987
0.173854 282 5.94013
0.173854 281 5.94034
0.173661 281 5.94041
0.173467 281 5.94042
0.173274 281 5.94044
0.173081 281 5.94102
0.172887 281 5.94105
0.172694 280 5.9412
0.172307 280 5.94181
0.172114 280 5.94264
0.17192 280 5.94301
0.171727 280 5.94341
0.171534 280 5.94368
0.171534 279 5.94407
0.171534 278 5.94473
0.17134 278 5.94569
0.17134 277 5.94609
0.17134 276 5.94709
0.17134 275 5.94714
0.171147 275 5.94729
0.171147 274 5.94764
0.170953 274 5.94854
0.17076 274 5.94864
0.170567 274 5.94894
0.170373 274 5.94963
0.17018 274 5.9497
0.17018 273 5.95032
0.169986 273 5.95039
0.169793 273 5.95052
0.1696 273 5.95085
0.169406 273 5.95228
0.169213 273 5.95252
0.16902 273 5.95256
0.168826 273 5.95292
0.168633 273 5.95398
0.168633 272 5.95399
0.168633 271 5.95407
0.168439 271 5.95421
0.168246 271 5.95471
0.168053 271 5.95472
0.167859 271 5.9548
0.167666 271 5.95493
0.167472 271 5.95581
0.167279 271 5.95608
0.167086 271 5.95622
0.166892 271 5.95806
0.166892 270 5.9583
0.166699 270 5.95863
0.166506 270 5.9592
0.166506 269 5.9594
0.166312 269 5.95979
0.166119 269 5.95985
0.165925 269 5.95986
0.165732 269 5.96032
0.165539 269 5.96045
0.165345 269 5.96059
0.165152 269 5.96072
0.165152 268 5.96083
0.164958 268 5.96145
0.164958 267 5.96149
0.164765 267 5.96201
0.164765 266 5.96216
0.164572 266 5.96256
0.164378 266 5.96259
0.164378 265 5.96261
0.164185 265 5.96285
0.163991 265 5.96292
0.163991 264 5.96386
0.163798 264 5.96389
0.163605 264 5.96396
0.163605 263 5.96479
0.163411 263 5.96515
0.163411 262 5.96546
0.163218 262 5.9661
0.163025 262 5.96631
0.163025 261 5.96637
0.162831 261 5.9669
0.162638 261 5.96726
0.162444 261 5.96784
0.162251 261 5.97137
0.162058 261 5.97217
0.161864 261 5.97254
0.161671 261 5.97283
0.161477 261 5.97308
0.161477 260 5.97309
0.161284 260 5.97327
0.161091 260 5.97344
0.160897 260 5.9748
0.160704 260 5.97592
0.160704 259 5.97619
0.160511 259 5.97647
0.160317 259 5.97728
0.15993 259 5.97814
0.159737 259 5.97843
0.159737 258 5.97925
0.159544 258 5.9795
0.15935 258 5.98024
0.159157 258 5.98047
0.158963 258 5.98229
0.158963 257 5.98286
0.15877 257 5.98288
0.158577 257 5.98409
0.158383 257 5.98414
0.15819 257 5.98471
0.157997 257 5.98486
0.157803 257 5.98504
0.157803 256 5.98584
0.15761 256 5.98632
0.157416 256 5.98678
0.157223 256 5.9868
0.157223 255 5.98737
0.15703 255 5.98745
0.156836 255 5.98755
0.156643 255 5.9876
0.156449 255 5.98874
0.156256 255 5.98956
0.156256 254 5.98999
0.156063 254 5.99017
0.155869 254 5.99071
0.155676 254 5.99142
0.155676 253 5.99194
0.155676 252 5.99206
0.155482 252 5.9924
0.155289 252 5.99248
0.155289 251 5.99274
0.155096 251 5.99306
0.154902 251 5.99309
0.154709 251 5.99316
0.154516 251 5.99339
0.154322 251 5.99384
0.154322 250 5.9939
0.154322 249 5.99443
0.154129 249 5.99469
0.153935 249 5.99587
0.153935 248 5.99714
0.153742 248 5.99815
0.153742 247 5.99823
0.153549 247 5.99899
0.153549 246 6.00017
0.153355 246 6.00018
0.153162 246 6.00019
0.152968 246 6.00107
0.152968 245 6.00172
0.152775 245 6.00185
0.152582 245 6.00206
0.152388 245 6.00245
0.152195 245 6.00261
0.152002 245 6.00328
0.151808 245 6.00336
0.151615 244 6.00414
0.151615 243 6.00488
0.151421 243 6.00546
0.151228 243 6.00593
0.151035 243 6.00595
0.151035 242 6.00622
0.151035 241 6.00645
0.150841 241 6.00646
0.150648 241 6.00655
0.150454 241 6.00659
0.150454 240 6.00706
0.150261 240 6.0071
0.150261 239 6.00807
0.150068 239 6.00808
0.149874 239 6.00822
0.149681 239 6.00857
0.149488 239 6.0086
0.149294 239 6.00918
0.149294 238 6.00945
0.149101 238 6.00957
0.148907 238 6.00958
0.148714 238 6.00967
0.148521 238 6.00983
0.148327 238 6.00992
0.148134 238 6.01007
0.14794 238 6.01009
0.147747 238 6.01035
0.147554 238 6.01071
0.147554 237 6.01122
0.147554 236 6.01125
0.14736 236 6.01137
0.147167 236 6.01151
0.146974 236 6.01228
0.14678 236 6.01231
0.14678 235 6.01246
0.146587 235 6.01268
0.146393 235 6.01388
0.1462 235 6.01408
0.146007 235 6.0141
0.146007 234 6.01422
0.146007 233 6.01442
0.146007 232 6.01451
0.145813 232 6.01511
0.14562 232 6.01568
0.145426 232 6.01631
0.145233 232 6.01685
0.14504 232 6.01686
0.144846 232 6.01718
0.144653 232 6.01719
0.144459 232 6.01789
0.144459 231 6.01833
0.144266 231 6.01845
0.144073 231 6.01932
0.143879 231 6.01949
0.143879 230 6.01957
0.143879 229 6.02004
0.143686 229 6.02008
0.143493 229 6.02028
0.143299 229 6.02086
0.143106 229 6.02137
0.142912 229 6.02176
0.142719 229 6.02182
0.142526 229 6.02185
0.142526 228 6.02226
0.142332 228 6.02287
0.142139 228 6.02365
0.141945 228 6.02446
0.141945 227 6.02472
0.141752 227 6.02561
0.141559 227 6.02636
0.141365 227 6.02711
0.141172 227 6.02792
0.140979 227 6.0288
0.140979 226 6.02905
0.140979 225 6.02966
0.140785 225 6.03037
0.140592 225 6.03045
0.140398 225 6.03081
0.140205 225 6.03127
0.140012 225 6.03261
0.139818 225 6.03271
0.139625 225 6.03321
0.139431 225 6.0338
0.139431 224 6.03391
0.139238 224 6.03448
0.139045 224 6.03471
0.138851 224 6.03642
0.138658 224 6.03654
0.138465 224 6.03715
0.138271 224 6.03792
0.138271 223 6.039
0.138271 222 6.03914
0.138271 221 6.0394
0.138078 221 6.03977
0.137884 221 6.04075
0.137884 220 6.04184
0.137691 220 6.04253
0.137498 220 6.04255
0.137304 220 6.04349
0.137111 220 6.04381
0.136917 220 6.04394
0.136724 220 6.04405
0.136531 220 6.04462
0.136337 220 6.04483
0.136144 220 6.04558
0.13595 220 6.04567
0.135757 220 6.04569
0.135757 219 6.04571
0.135564 219 6.04687
0.13537 219 6.04761
0.13537 218 6.04764
0.135177 218 6.04768
0.134984 218 6.04797
0.134984 217 6.04896
0.134984 216 6.04952
0.13479 216 6.04982
0.13479 215 6.04988
0.134597 215 6.04997
0.134403 215 6.05022
0.13421 215 6.05029
0.13421 214 6.05088
0.134017 214 6.05134
0.133823 214 6.05223
0.133823 213 6.05244
0.13363 213 6.05249
0.13363 212 6.0533
0.133436 212 6.05428
0.133243 212 6.05469
0.13305 212 6.05527
0.132856 212 6.05533
0.132856 211 6.0554
0.132663 211 6.05649
0.13247 211 6.05705
0.132276 211 6.0578
0.132083 211 6.05814
0.131889 211 6.05829
0.131889 210 6.0583
0.131696 210 6.05897
0.131696 209 6.05943
0.131503 209 6.06028
0.131309 209 6.06063
0.131116 209 6.06065
0.130922 209 6.06113
0.130922 208 6.0612
0.130729 208 6.06202
0.130536 208 6.06214
0.130342 208 6.06242
0.130149 208 6.06253
0.129956 208 6.06258
0.129956 207 6.0628
0.129762 207 6.06296
0.129569 207 6.063
0.129375 207 6.06334
0.129182 207 6.06368
0.128989 207 6.0643
0.128989 206 6.06453
0.128795 206 6.06506
0.128795 205 6.06556
0.128602 205 6.06639
0.128602 204 6.06747
0.128408 204 6.06767
0.128215 204 6.06806
0.128215 203 6.06881
0.128022 203 6.06887
0.128022 202 6.06922
0.127828 202 6.07037
0.127635 202 6.07045
0.127442 202 6.07057
0.127248 202 6.07115
0.127055 202 6.07173
0.126861 202 6.07218
0.126668 202 6.07236
0.126475 202 6.0724
0.126475 201 6.07243
0.126281 201 6.07253
0.126088 201 6.0728
0.125894 201 6.07367
0.125701 201 6.07418
0.125701 200 6.07425
0.125701 199 6.07458
0.125508 199 6.07464
0.125314 199 6.07471
0.125121 199 6.07529
0.124927 199 6.07552
0.124927 198 6.07592
0.124734 198 6.07628
0.124541 198 6.07653
0.124541 197 6.07656
0.124347 197 6.07729
0.124154 197 6.07742
0.123961 197 6.0775
0.123767 197 6.07782
0.123574 197 6.07859
0.12338 197 6.07911
0.122994 197 6.07984
0.1228 197 6.07986
0.122607 197 6.07988
0.122607 196 6.08082
0.122413 196 6.08097
0.122413 195 6.08162
0.12222 195 6.08216
0.122027 195 6.08264
0.121833 195 6.08284
0.121833 194 6.08287
0.121833 193 6.08314
0.12164 193 6.08337
0.121447 193 6.08343
0.121253 193 6.08456
0.121253 192 6.08562
0.12106 192 6.08567
0.120866 192 6.0858
0.120673 192 6.08632
0.12048 192 6.08695
0.120286 192 6.08867
0.120286 191 6.08969
0.120286 190 6.09007
0.120093 190 6.09057
0.119899 190 6.09064
0.119706 190 6.09072
0.119513 190 6.09163
0.119319 190 6.09231
0.119126 190 6.09236
0.118933 190 6.09246
0.118739 190 6.09259
0.118546 190 6.09279
0.118352 190 6.09375
0.118159 190 6.09507
0.118159 189 6.09508
0.118159 188 6.09532
0.117966 188 6.09635
0.117772 188 6.09671
0.117772 187 6.09757
0.117579 187 6.09775
0.117385 187 6.09781
0.117192 187 6.09785
0.116999 187 6.09828
0.116999 186 6.09849
0.116999 185 6.09988
0.116805 185 6.10111
0.116612 185 6.10113
0.116418 185 6.10196
0.116418 184 6.1028
0.116225 184 6.10301
0.116225 183 6.10433
0.116032 183 6.10547
0.115838 183 6.10565
0.115645 183 6.1057
0.115452 183 6.10578
0.115258 183 6.10581
0.115065 183 6.10674
0.114871 183 6.10709
0.114678 183 6.10734
0.114678 182 6.10786
0.114485 182 6.10818
0.114291 182 6.10837
0.114291 181 6.10869
0.114098 181 6.10886
0.113904 181 6.10925
0.113904 180 6.11018
0.113711 180 6.11073
0.113711 179 6.11125
0.113518 179 6.1119
0.113324 179 6.11342
0.113131 179 6.11416
0.112938 179 6.11429
0.112744 179 6.11492
0.112551 179 6.11515
0.112357 179 6.11637
0.112164 179 6.11664
0.111971 179 6.11677
0.111777 179 6.11707
0.111584 179 6.11726
0.11139 179 6.11762
0.111197 179 6.11857
0.111004 179 6.12033
0.111004 178 6.12064
0.11081 178 6.12075
0.11081 177 6.12091
0.110617 177 6.12105
0.110424 177 6.12129
0.11023 177 6.12181
0.110037 177 6.12301
0.109843 177 6.12333
0.10965 177 6.12348
0.109457 177 6.12374
0.109263 177 6.12441
0.109263 176 6.12592
0.10907 176 6.1261
0.108876 176 6.12687
0.108683 176 6.12715
0.10849 176 6.1296
0.108296 176 6.12962
0.108103 176 6.12964
0.107909 176 6.13003
0.107909 175 6.13019
0.107909 174 6.13062
0.107716 174 6.13091
0.107716 173 6.13238
0.107523 173 6.13409
0.107329 173 6.13544
0.107136 173 6.13586
0.106943 173 6.13629
0.106943 172 6.13699
0.106943 171 6.13727
0.106749 171 6.13863
0.106556 171 6.14089
0.106362 171 6.14108
0.106362 170 6.14155
0.106362 168 6.14195
0.106169 168 6.1423
0.105976 168 6.14345
0.105782 168 6.14437
0.105589 168 6.14439
0.105589 167 6.14444
0.105395 167 6.14448
0.105202 167 6.1446
0.105202 166 6.14492
0.105009 166 6.14498
0.104815 166 6.14641
0.104815 165 6.14693
0.104622 165 6.14702
0.104429 165 6.14705
0.104235 164 6.14709
0.104235 163 6.1473
0.104042 163 6.14743
0.103848 163 6.14816
0.103655 163 6.14976
0.103462 163 6.14998
0.103268 163 6.15179
0.103075 163 6.15203
0.102881 163 6.15212
0.102688 163 6.15297
0.102688 162 6.15456
0.102688 161 6.15499
0.102495 161 6.15589
0.102495 160 6.15696
0.102495 159 6.15762
0.102301 159 6.15783
0.102108 159 6.15838
0.101721 159 6.15931
0.101528 159 6.15947
0.101334 159 6.15954
0.101141 159 6.16048
0.100948 159 6.16094
0.100754 159 6.16193
0.100561 159 6.16196
0.100561 158 6.16319
0.100561 157 6.16329
0.100367 157 6.16441
0.100174 157 6.16445
0.100174 156 6.16607
0.0999807 156 6.16716
0.0997873 156 6.16758
0.0995939 156 6.16799
0.0994005 156 6.16844
0.0992071 156 6.16922
0.0990137 156 6.16982
0.0988203 156 6.17042
0.098627 156 6.17056
0.0984336 156 6.1711
0.0982402 156 6.17116
0.0980468 156 6.17119
0.0980468 155 6.17172
0.0978534 155 6.17198
0.09766 155 6.17311
0.0974666 155 6.17455
0.0972733 155 6.17464
0.0970799 155 6.17611
0.0970799 154 6.17616
0.0968865 154 6.17652
0.0968865 153 6.17684
0.0968865 152 6.17725
0.0968865 151 6.17845
0.0966931 151 6.17897
0.0964997 151 6.1793
0.0963063 151 6.18106
0.0961129 151 6.18202
0.0959196 151 6.1823
0.0957262 151 6.18302
0.0957262 150 6.18309
0.0955328 150 6.18403
0.0953394 150 6.18449
0.095146 150 6.18497
0.0949526 150 6.185
0.0949526 149 6.18535
0.0949526 148 6.18547
0.0947592 148 6.18684
0.0945658 148 6.18686
0.0943725 148 6.18741
0.0941791 148 6.18755
0.0939857 148 6.18761
0.0937923 148 6.1883
0.0935989 148 6.18839
0.0934055 148 6.18844
0.0932121 148 6.18868
0.0930188 148 6.18894
0.0928254 148 6.18956
0.092632 148 6.19029
0.0924386 148 6.19075
0.0924386 147 6.19304
0.0922452 147 6.19338
0.0920518 147 6.19372
0.0918584 147 6.19374
0.0916651 147 6.19419
0.0916651 146 6.19422
0.0914717 146 6.19479
0.0912783 146 6.19509
0.0910849 146 6.1956
0.0908915 146 6.19611
0.0906981 146 6.19619
0.0905047 146 6.19679
0.0903114 146 6.19785
0.090118 146 6.19787
0.0899246 146 6.19806
0.0899246 145 6.19976
0.0897312 145 6.20049
0.0895378 145 6.20117
0.0893444 145 6.20161
0.089151 145 6.20182
0.0889576 145 6.20185
0.0887643 145 6.20207
0.0885709 145 6.20243
0.0885709 144 6.20455
0.0885709 143 6.20479
0.0883775 143 6.20522
0.0881841 143 6.20565
0.0879907 143 6.2057
0.0877973 143 6.20727
0.0876039 143 6.2073
0.0874106 143 6.20846
0.0872172 143 6.20862
0.0870238 143 6.20933
0.0868304 143 6.21092
0.086637 143 6.21193
0.0864436 143 6.21244
0.0864436 142 6.21316
0.0864436 141 6.21359
0.0862502 141 6.21445
0.0860569 141 6.21578
0.0858635 141 6.21668
0.0856701 141 6.21671
0.0854767 141 6.21675
0.0854767 140 6.21694
0.0852833 139 6.21806
0.0850899 139 6.21829
0.0850899 138 6.21874
0.0850899 137 6.21881
0.0850899 136 6.21888
0.0848965 136 6.21984
0.0847032 136 6.22198
0.0845098 136 6.22268
0.0843164 136 6.22329
0.084123 136 6.22332
0.0839296 136 6.22344
0.0837362 136 6.22355
0.0835428 136 6.22391
0.0833494 136 6.22405
0.0833494 135 6.22522
0.0831561 135 6.22524
0.0831561 134 6.2258
0.0831561 133 6.226
0.0829627 133 6.22646
0.0829627 132 6.22676
0.0827693 132 6.22682
0.0825759 132 6.22692
0.0825759 131 6.22707
0.0823825 131 6.22717
0.0821891 131 6.22753
0.0819957 131 6.22949
0.0818024 131 6.22957
0.081609 131 6.23039
0.0814156 131 6.23074
0.0812222 131 6.23087
0.0810288 131 6.2322
0.0808354 131 6.23236
0.080642 131 6.2328
0.0804487 131 6.2331
0.0804487 130 6.23424
0.0804487 129 6.23481
0.0802553 129 6.23542
0.0800619 129 6.23559
0.0798685 129 6.23588
0.0794817 129 6.23593
0.0792883 129 6.23717
0.079095 129 6.23807
0.079095 128 6.23849
0.079095 126 6.23878
0.0789016 126 6.23892
0.0789016 125 6.23926
0.0787082 125 6.23967
0.0785148 125 6.24046
0.0783214 125 6.2408
0.078128 125 6.24145
0.0779346 125 6.24165
0.0777412 125 6.24261
0.0775479 125 6.24292
0.0773545 125 6.24303
0.0771611 125 6.24306
0.0769677 125 6.24383
0.0769677 124 6.24404
0.0767743 124 6.24472
0.0765809 124 6.24486
0.0763875 124 6.24548
0.0761942 124 6.24594
0.0760008 124 6.246
0.0758074 124 6.24633
0.075614 124 6.24834
0.0754206 124 6.24862
0.0752272 124 6.25004
0.0750338 124 6.25178
0.0748405 124 6.25293
0.0746471 124 6.25506
0.0744537 124 6.25567
0.0744537 123 6.25747
0.0744537 122 6.25748
0.0742603 122 6.2578
0.0742603 121 6.26071
0.0742603 120 6.26194
0.0740669 120 6.26195
0.0738735 120 6.26203
0.0736801 120 6.26262
0.0734868 120 6.26347
0.0732934 120 6.26402
0.0732934 119 6.26438
0.0731 119 6.26443
0.0729066 119 6.26485
0.0727132 119 6.2656
0.0725198 119 6.2659
0.0723264 119 6.26674
0.072133 119 6.26776
0.0719397 119 6.2684
0.0717463 119 6.2686
0.0715529 119 6.27015
0.0713595 119 6.27079
0.0711661 119 6.27195
0.0711661 118 6.27222
0.0711661 117 6.27351
0.0711661 116 6.27422
0.0711661 115 6.27485
0.0709727 115 6.27539
0.0707793 115 6.27553
0.070586 115 6.2757
0.0703926 115 6.27613
0.0701992 115 6.27636
0.0700058 115 6.27658
0.0700058 114 6.27748
0.0698124 114 6.27826
0.069619 114 6.27842
0.069619 113 6.28108
0.0694256 113 6.28111
0.0692323 113 6.2818
0.0690389 113 6.28245
0.0688455 113 6.28273
0.0686521 112 6.28324
0.0684587 112 6.28376
0.0684587 111 6.28475
0.0682653 111 6.28498
0.0680719 111 6.28594
0.0678786 111 6.28647
0.0676852 111 6.28756
0.0676852 110 6.28866
0.0674918 110 6.28901
0.0672984 110 6.28932
0.0672984 109 6.28963
0.067105 109 6.29038
0.067105 108 6.29172
0.067105 107 6.29205
0.0669116 107 6.29312
0.0667182 107 6.29326
0.0665249 107 6.29484
0.0665249 106 6.29547
0.0665249 105 6.29653
0.0665249 104 6.29721
0.0665249 103 6.29898
0.0663315 103 6.29934
0.0661381 103 6.29982
0.0659447 103 6.30013
0.0657513 103 6.30054
0.0655579 103 6.3025
0.0653645 103 6.30251
0.0653645 102 6.30312
0.0653645 101 6.30551
0.0651711 101 6.30583
0.0651711 100 6.30804
0.0651711 99 6.30817
0.0649778 99 6.30866
0.0647844 99 6.3094
0.064591 99 6.30962
0.0643976 99 6.31
0.0642042 99 6.31026
0.0640108 99 6.3124
0.0638174 99 6.31496
0.0636241 99 6.3165
0.0634307 99 6.31741
0.0632373 99 6.32067
0.0630439 99 6.3208
0.0628505 99 6.32166
0.0628505 98 6.32201
0.0626571 98 6.32249
0.0626571 97 6.32324
0.0624637 97 6.32339
0.0622704 97 6.32397
0.062077 97 6.32417
0.0618836 97 6.32535
0.0616902 97 6.32588
0.0614968 97 6.32737
0.0613034 97 6.32821
0.06111 97 6.32832
0.06111 96 6.32855
0.0609167 96 6.32931
0.0607233 96 6.33059
0.0605299 96 6.3322
0.0605299 95 6.33264
0.0603365 95 6.33327
0.0603365 94 6.33343
0.0601431 94 6.33373
0.0599497 94 6.33424
0.0597563 94 6.33482
0.0595629 94 6.33563
0.0593696 94 6.33588
0.0593696 93 6.33942
0.0591762 93 6.3398
0.0589828 93 6.34059
0.0587894 93 6.34332
0.0587894 92 6.3441
0.0587894 91 6.34439
0.058596 91 6.34441
0.0584026 91 6.34618
0.0582092 91 6.34689
0.0580159 91 6.34711
0.0580159 90 6.34726
0.0578225 90 6.34852
0.0576291 90 6.34864
0.0574357 90 6.349
0.0572423 90 6.34958
0.0570489 90 6.34998
0.0568555 90 6.35156
0.0566622 90 6.35263
0.0564688 90 6.35462
0.0562754 90 6.35488
0.0562754 89 6.3551
0.056082 89 6.35622
0.056082 88 6.35626
0.0558886 88 6.35945
0.0558886 87 6.36139
0.0556952 87 6.36291
0.0556952 86 6.36366
0.0555018 86 6.36372
0.0555018 85 6.36581
0.0553085 85 6.36587
0.0551151 85 6.36642
0.0549217 85 6.36747
0.0549217 84 6.36816
0.0547283 84 6.37073
0.0545349 84 6.37252
0.0543415 84 6.37314
0.0541481 84 6.3737
0.0539547 84 6.37471
0.0537614 84 6.37496
0.053568 84 6.3753
0.0533746 84 6.37731
0.0531812 84 6.37768
0.0529878 84 6.37781
0.0527944 84 6.37812
0.052601 84 6.37977
0.0524077 84 6.38194
0.0524077 83 6.38218
0.0522143 83 6.38475
0.0520209 83 6.38646
0.0518275 83 6.38745
0.0516341 83 6.38843
0.0514407 83 6.38881
0.0514407 82 6.38905
0.0512473 82 6.38998
0.051054 82 6.3909
0.0508606 82 6.39307
0.0506672 82 6.39346
0.0504738 82 6.39715
0.0502804 82 6.40057
0.050087 82 6.40068
0.0498936 82 6.401
0.0498936 81 6.40229
0.0497003 81 6.40294
0.0495069 81 6.40363
0.0493135 81 6.40402
0.0491201 81 6.4052
0.0489267 81 6.40661
0.0487333 81 6.40711
0.0485399 81 6.40724
0.0483465 81 6.40736
0.0483465 80 6.40904
0.0481532 80 6.40983
0.0479598 80 6.41312
0.0479598 79 6.41354
0.0477664 79 6.4163
0.047573 79 6.41768
0.0473796 79 6.41822
0.0471862 79 6.41827
0.0469928 79 6.41893
0.0467995 79 6.41959
0.0466061 79 6.42099
0.0464127 79 6.42156
0.0464127 78 6.42172
0.0462193 78 6.42366
0.0462193 77 6.42458
0.0460259 77 6.42474
0.0458325 77 6.42682
0.0458325 76 6.42698
0.0458325 75 6.42808
0.0456391 75 6.42857
0.0456391 74 6.4295
0.0454458 74 6.4315
0.0454458 73 6.43178
0.0452524 73 6.43192
0.0452524 72 6.43335
0.045059 72 6.43356
0.0448656 72 6.43441
0.0448656 71 6.43498
0.0446722 71 6.43618
0.0446722 70 6.4366
0.0444788 70 6.43986
0.0442854 70 6.44
0.0440921 70 6.44173
0.0438987 70 6.44182
0.0438987 69 6.4426
0.0437053 69 6.44464
0.0435119 69 6.44597
0.0433185 69 6.44652
0.0431251 69 6.44693
0.0429317 69 6.44776
0.0427383 69 6.44798
0.042545 69 6.44802
0.042545 68 6.44921
0.0423516 68 6.45
0.0421582 68 6.45163
0.0419648 68 6.45205
0.0417714 68 6.45237
0.041578 68 6.45646
0.0413846 68 6.46083
0.0411913 68 6.46089
0.0409979 68 6.46143
0.0409979 67 6.46149
0.0408045 67 6.46169
0.0406111 67 6.46275
0.0406111 66 6.4638
0.0404177 66 6.46476
0.0404177 65 6.46613
0.0402243 65 6.46615
0.0400309 65 6.46647
0.0400309 64 6.46809
0.0398376 64 6.46881
0.0396442 64 6.46931
0.0394508 64 6.46948
0.0392574 64 6.46968
0.039064 64 6.46976
0.039064 63 6.47013
0.0388706 63 6.47143
0.0388706 62 6.47245
0.0386772 62 6.473
0.0384839 62 6.47405
0.0382905 62 6.47423
0.0382905 61 6.47451
0.0380971 61 6.47662
0.0379037 61 6.47726
0.0377103 61 6.47777
0.0375169 61 6.47807
0.0373235 61 6.47878
0.0371301 61 6.47947
0.0369368 61 6.47991
0.0367434 61 6.48047
0.03655 61 6.4806
0.03655 60 6.48164
0.0363566 60 6.48591
0.0361632 60 6.48595
0.0359698 60 6.48606
0.0357764 60 6.48639
0.0355831 60 6.48655
0.0353897 60 6.48728
0.0353897 59 6.48943
0.0351963 59 6.49009
0.0351963 58 6.49201
0.0350029 58 6.49342
0.0348095 58 6.49692
0.0346161 58 6.50028
0.0344227 58 6.50078
0.0342294 58 6.50321
0.0342294 57 6.50366
0.034036 57 6.50547
0.0338426 57 6.50629
0.0338426 56 6.50752
0.0336492 55 6.50833
0.0334558 55 6.50835
0.0332624 55 6.5088
0.0332624 54 6.50932
0.033069 54 6.51054
0.033069 53 6.51109
0.0328757 53 6.51136
0.0326823 53 6.51156
0.0326823 52 6.51181
0.0324889 52 6.5126
0.0324889 51 6.51311
0.0322955 51 6.5151
0.0321021 51 6.51606
0.0319087 51 6.51698
0.0317153 51 6.51893
0.0315219 51 6.51973
0.0313286 51 6.52012
0.0311352 51 6.52061
0.0309418 51 6.52195
0.0307484 51 6.52452
0.030555 51 6.53248
0.0303616 51 6.53625
0.0301682 51 6.53693
0.0299749 51 6.5374
0.0299749 50 6.53932
0.0299749 49 6.54048
0.0297815 49 6.54155
0.0297815 48 6.54277
0.0295881 48 6.54297
0.0295881 47 6.54523
0.0293947 47 6.54622
0.0292013 47 6.54681
0.0290079 47 6.54715
0.0288145 47 6.54953
0.0288145 46 6.55028
0.0286212 46 6.55302
0.0284278 46 6.55829
0.0284278 45 6.55904
0.0284278 44 6.5602
0.0282344 44 6.56419
0.0282344 43 6.56465
0.028041 43 6.56521
0.0276542 43 6.56524
0.0274608 43 6.56595
0.0274608 42 6.56919
0.0274608 41 6.57099
0.0274608 40 6.57291
0.0272675 40 6.57567
0.0272675 39 6.5758
0.0270741 39 6.57665
0.0268807 39 6.57695
0.0268807 38 6.57755
0.0266873 38 6.58208
0.0264939 38 6.58353
0.0263005 38 6.58467
0.0261071 38 6.58613
0.0259137 38 6.58633
0.0259137 37 6.58895
0.0257204 37 6.59138
0.025527 37 6.59146
0.025527 36 6.59476
0.0253336 36 6.59786
0.0251402 36 6.6004
0.0249468 36 6.60156
0.0247534 36 6.60171
0.02456 36 6.60437
0.0243667 36 6.60554
0.0241733 36 6.60745
0.0239799 36 6.60783
0.0237865 36 6.60831
0.0235931 36 6.60839
0.0235931 35 6.60938
0.0233997 35 6.61374
0.0232063 35 6.61412
0.023013 35 6.61493
0.0228196 35 6.61544
0.0226262 35 6.62144
0.0226262 34 6.62261
0.0224328 34 6.62495
0.0222394 34 6.62565
0.022046 34 6.6332
0.0218526 33 6.63696
0.0218526 32 6.63807
0.0218526 31 6.63879
0.0216593 31 6.63982
0.0216593 30 6.64131
0.0214659 30 6.64138
0.0212725 30 6.64714
0.0210791 30 6.65102
0.0210791 29 6.65472
0.0208857 29 6.65587
0.0206923 29 6.65638
0.0206923 28 6.65929
0.0204989 28 6.65965
0.0203056 28 6.65995
0.0201122 28 6.66126
0.0199188 28 6.66184
0.0197254 28 6.66348
0.019532 28 6.67791
0.0193386 28 6.68219
0.0191452 28 6.68672
0.0191452 27 6.68763
0.0189518 27 6.69074
0.0189518 26 6.69117
0.0187585 26 6.69179
0.0185651 26 6.69202
0.0183717 26 6.69285
0.0181783 26 6.70443
0.0179849 26 6.70715
0.0177915 26 6.70731
0.0177915 25 6.7081
0.0175981 25 6.70816
0.0174048 25 6.70878
0.0172114 25 6.71201
0.017018 25 6.7127
0.0168246 25 6.71393
0.0168246 24 6.71678
0.0166312 24 6.7169
0.0164378 24 6.71962
0.0162444 24 6.72493
0.0160511 24 6.72571
0.0158577 24 6.7279
0.0158577 23 6.73174
0.0156643 23 6.73298
0.0156643 22 6.73537
0.0154709 22 6.74782
0.0152775 22 6.75431
0.0150841 22 6.75477
0.0150841 21 6.75523
0.0150841 20 6.75676
0.0148907 20 6.75844
0.0146974 20 6.76054
0.014504 20 6.76172
0.0143106 20 6.76174
0.0141172 20 6.76275
0.0139238 20 6.76358
0.0139238 19 6.76431
0.0137304 19 6.77244
0.013537 19 6.77757
0.0133436 19 6.77807
0.0131503 19 6.78416
0.0129569 19 6.78493
0.0127635 19 6.79037
0.0125701 19 6.79176
0.0123767 19 6.79326
0.0123767 18 6.7942
0.0123767 17 6.79553
0.0121833 17 6.79739
0.0119899 17 6.7984
0.0117966 17 6.79877
0.0116032 17 6.80244
0.0116032 16 6.80395
0.0114098 16 6.8059
0.0114098 15 6.81075
0.0112164 15 6.81121
0.011023 15 6.81785
0.0108296 15 6.82356
0.0106362 15 6.82907
0.0104429 15 6.83753
0.0102495 15 6.83789
0.0102495 14 6.85558
0.0100561 14 6.86583
0.0100561 13 6.87018
0.0100561 12 6.87632
0.0098627 12 6.87742
0.0098627 11 6.88361
0.00966931 11 6.88555
0.00947592 11 6.8907
0.00928254 11 6.8941
0.00908915 11 6.90286
0.00908915 10 6.91352
0.00908915 9 6.91403
0.00889576 9 6.91755
0.00870238 9 6.93486
0.00850899 9 6.94629
0.00831561 9 6.95027
0.00831561 8 6.95425
0.00812222 8 6.96013
0.00792883 8 6.9602
0.00792883 7 6.96687
0.00773545 7 6.9676
0.00754206 7 6.96989
0.00734868 7 7.00852
0.00715529 7 7.01864
0.0069619 7 7.02333
0.00676852 7 7.02828
0.00657513 7 7.03011
0.00638174 7 7.03188
0.00618836 7 7.04467
0.00599497 7 7.045
0.00580159 7 7.05442
0.0056082 7 7.05528
0.0056082 6 7.05981
0.0056082 5 7.07063
0.00541481 5 7.0989
0.00522143 5 7.10345
0.00522143 4 7.11721
0.00522143 3 7.14494
0.00502804 3 7.14731
0.00483465 3 7.16673
0.00464127 3 7.1707
0.00444788 3 7.17888
0.0042545 3 7.21465
0.00406111 3 7.22155
0.00386772 3 7.22411
0.00367434 3 7.24702
0.00348095 3 7.2506
0.00328757 3 7.30383
0.00309418 3 7.31101
0.00290079 3 7.34617
0.00270741 3 7.34805
0.00251402 3 7.36023
0.00232063 3 7.38269
0.00212725 3 7.39059
0.00193386 3 7.43142
0.00174048 3 7.44607
0.00174048 2 7.46842
0.00154709 2 7.46916
0.0013537 2 7.49872
0.0013537 1 7.53962
0.00116032 1 7.58805
0.000966931 1 7.59326
0.000773545 1 7.64871
0.000580159 1 7.701
0.000386772 1 7.91638
0.000193386 1 7.94496
0.000193386 0 8.19825
0 0 1e+020
0 0 1e+020
0 0 1e+020
0 0 1e+020
0 0 1e+020
0 0 1e+020
0 0 1e+020
0 0 1e+020
0 0 1e+020
0 0 1e+020
0 0 1e+020
0 0 1e+020
0 0 1e+020
0 0 1e+020
0 0 1e+020
0 0 1e+020
0 0 1e+020
0 0 1e+020
0 0 1e+020
0 0 1e+020
0 0 1e+020
0 0 1e+020
0 0 1e+020
0 0 1e+020
0 0 1e+020
0 0 1e+020
0 0 1e+020
0 0 1e+020
0 0 1e+020
0 0 1e+020
0 0 1e+020
0 0 1e+020
0 0 1e+020
0 0 1e+020
0 0 1e+020
0 0 1e+020
0 0 1e+020
0 0 1e+020
0 0 1e+020
0 0 1e+020
0 0 1e+020
0 0 1e+020
0 0 1e+020
0 0 1e+020
0 0 1e+020
0 0 1e+020
0 0 1e+020
0 0 1e+020
0 0 1e+020
0 0 1e+020
0 0 1e+020
0 0 1e+020
0 0 1e+020
0 0 1e+020
0 0 1e+020
0 0 1e+020
0 0 1e+020
0 0 1e+020
0 0 1e+020
0 0 1e+020
0 0 1e+020
0 0 1e+020
0 0 1e+020
0 0 1e+020
0 0 1e+020
0 0 1e+020
0 0 1e+020
0 0 1e+020
0 0 1e+020
0 0 1e+020
0 0 1e+020
0 0 1e+020
0 0 1e+020
0 0 1e+020
0 0 1e+020
0 0 1.79769e+308
