0.517509 4058
0.517509 4057
0.5175 4056
0.5175 4055
0.5175 4054
0.5175 4053
0.5175 4052
0.5175 4051
0.5175 4050
0.517403 4050
0.517403 4049
0.517356 4048
0.517356 4047
0.517356 4045
0.517217 4045
0.517217 4044
0.517217 4043
0.517147 4043
0.517147 4042
0.517147 4041
0.517147 4040
0.517147 4039
0.517147 4038
0.517147 4037
0.517147 4036
0.517147 4035
0.517147 4034
0.517147 4033
0.517147 4032
0.517147 4031
0.517147 4030
0.517147 4029
0.517147 4028
0.517147 4027
0.517147 4026
0.517147 4025
0.517147 4024
0.517147 4023
0.517147 4022
0.517147 4021
0.517147 4020
0.517147 4019
0.517145 4018
0.517145 4017
0.517145 4016
0.517145 4015
0.517145 4014
0.517145 4013
0.517145 4012
0.517145 4011
0.517145 4010
0.517145 4008
0.517145 4007
0.517145 4006
0.517145 4005
0.517145 4004
0.517145 4003
0.517145 4002
0.517145 4001
0.517145 4000
0.517145 3999
0.517145 3998
0.517115 3997
0.517115 3996
0.517115 3995
0.517115 3994
0.517115 3993
0.517115 3992
0.517115 3991
0.517115 3990
0.517115 3989
0.517115 3988
0.517115 3987
0.517115 3986
0.517115 3985
0.517115 3984
0.517115 3983
0.517115 3982
0.517115 3981
0.517115 3980
0.517115 3978
0.517092 3977
0.517092 3976
0.517092 3975
0.517092 3974
0.517092 3973
0.517092 3972
0.517092 3971
0.517092 3970
0.517092 3969
0.517092 3968
0.517092 3967
0.517092 3966
0.517092 3965
0.517092 3964
0.517092 3963
0.516994 3963
0.516994 3961
0.516994 3960
0.516994 3959
0.516994 3958
0.516994 3957
0.516994 3956
0.516994 3955
0.516994 3953
0.516994 3952
0.516994 3951
0.516994 3950
0.516994 3949
0.516994 3948
0.516989 3947
0.516989 3946
0.516989 3945
0.516989 3944
0.516897 3943
0.516897 3942
0.516897 3940
0.516897 3939
0.516897 3938
0.516823 3937
0.516823 3936
0.516803 3934
0.516803 3933
0.516803 3932
0.516803 3931
0.516803 3930
0.5167 3930
0.5167 3929
0.5167 3928
0.5167 3927
0.5167 3926
0.5167 3925
0.5167 3924
0.516587 3924
0.516587 3923
0.516587 3922
0.516587 3921
0.516587 3920
0.516563 3919
0.516563 3918
0.516458 3918
0.516399 3918
0.516399 3917
0.516348 3916
0.516348 3915
0.516348 3914
0.516348 3913
0.516174 3911
0.516174 3910
0.516174 3909
0.516174 3908
0.516174 3907
0.516174 3906
0.516069 3906
0.516069 3905
0.516069 3904
0.516069 3903
0.516069 3902
0.516069 3901
0.516069 3900
0.516069 3899
0.516069 3898
0.516069 3897
0.516069 3896
0.516069 3895
0.516069 3894
0.516069 3893
0.516069 3892
0.516069 3891
0.516069 3889
0.516069 3888
0.515916 3888
0.515916 3887
0.515903 3887
0.515903 3886
0.515903 3885
0.515898 3884
0.515881 3883
0.515881 3882
0.515881 3881
0.515881 3880
0.515881 3879
0.515881 3878
0.515881 3877
0.515881 3876
0.515881 3875
0.515881 3874
0.515881 3873
0.515865 3871
0.515865 3870
0.515865 3869
0.515865 3868
0.515865 3867
0.515865 3866
0.515865 3865
0.515865 3864
0.515865 3863
0.515865 3862
0.515865 3861
0.515865 3860
0.515865 3859
0.515865 3858
0.515865 3857
0.515865 3856
0.515865 3855
0.515865 3854
0.515865 3853
0.515865 3852
0.515865 3851
0.515865 3850
0.515865 3849
0.515865 3848
0.515769 3848
0.515769 3847
0.515769 3846
0.515769 3845
0.515769 3844
0.515769 3843
0.515769 3842
0.515769 3841
0.515769 3840
0.515769 3839
0.515769 3837
0.515769 3836
0.515769 3835
0.515769 3834
0.515769 3833
0.515769 3832
0.515769 3831
0.51564 3831
0.51564 3830
0.51564 3829
0.51564 3828
0.51564 3827
0.51564 3826
0.51564 3825
0.51564 3824
0.51564 3823
0.51564 3822
0.51564 3821
0.51564 3820
0.51564 3819
0.515558 3818
0.515558 3817
0.515558 3816
0.51541 3816
0.515405 3815
0.515405 3814
0.515405 3813
0.515297 3813
0.515165 3813
0.515159 3812
0.515062 3811
0.515062 3810
0.515062 3809
0.515062 3808
0.515062 3807
0.515062 3806
0.515062 3805
0.514968 3804
0.514968 3803
0.514968 3802
0.514968 3801
0.514968 3800
0.514968 3798
0.514968 3797
0.514968 3796
0.514968 3795
0.514968 3794
0.514968 3793
0.514968 3792
0.514968 3790
0.514968 3789
0.514968 3788
0.514968 3787
0.514968 3786
0.514968 3785
0.514968 3784
0.514968 3783
0.514833 3783
0.514833 3782
0.514833 3780
0.514833 3778
0.514833 3777
0.514833 3776
0.514833 3775
0.514833 3774
0.514833 3773
0.514833 3772
0.514833 3771
0.514833 3770
0.514833 3769
0.514833 3768
0.514806 3767
0.514806 3766
0.514806 3765
0.514806 3764
0.514806 3763
0.514701 3762
0.514701 3761
0.514701 3760
0.514701 3759
0.514689 3758
0.514689 3757
0.514689 3756
0.514564 3756
0.514564 3755
0.514564 3754
0.514564 3753
0.514564 3752
0.514564 3751
0.514511 3750
0.514511 3749
0.514511 3748
0.514511 3747
0.514511 3746
0.514511 3745
0.514511 3744
0.514511 3743
0.514511 3742
0.514511 3741
0.514511 3740
0.514511 3739
0.514511 3738
0.514511 3737
0.514511 3736
0.514511 3735
0.514511 3734
0.514482 3733
0.514482 3732
0.514389 3731
0.514389 3730
0.514389 3729
0.514389 3728
0.514389 3727
0.514389 3726
0.514389 3725
0.514389 3724
0.514389 3723
0.514389 3722
0.514355 3720
0.514355 3719
0.514355 3718
0.514355 3717
0.514355 3716
0.514355 3715
0.514355 3714
0.514355 3713
0.514355 3712
0.514355 3711
0.514355 3710
0.514355 3709
0.51432 3708
0.51432 3707
0.51432 3706
0.51432 3705
0.51432 3704
0.51432 3703
0.51432 3702
0.51432 3701
0.51432 3700
0.51432 3699
0.514308 3698
0.514308 3697
0.514308 3696
0.514308 3695
0.514308 3694
0.514308 3693
0.514308 3692
0.514308 3691
0.514308 3690
0.514308 3689
0.514308 3688
0.514216 3686
0.514216 3685
0.514216 3684
0.514077 3684
0.514072 3682
0.514072 3681
0.514072 3680
0.514072 3679
0.514072 3678
0.514071 3677
0.514069 3676
0.514069 3675
0.514069 3674
0.514069 3673
0.514069 3672
0.513949 3672
0.513949 3671
0.513949 3670
0.513889 3668
0.513889 3667
0.51373 3665
0.51373 3664
0.51373 3663
0.513584 3663
0.513584 3662
0.513584 3661
0.513584 3660
0.513584 3659
0.513581 3658
0.513581 3657
0.513581 3656
0.513581 3655
0.513581 3654
0.513581 3653
0.513581 3652
0.513581 3651
0.513567 3650
0.513567 3649
0.513567 3648
0.513567 3647
0.513695 3645
0.513695 3644
0.513695 3643
0.513695 3642
0.513695 3641
0.513679 3640
0.513679 3638
0.513679 3637
0.513679 3636
0.513624 3635
0.513624 3634
0.513624 3633
0.513624 3632
0.513624 3631
0.513624 3630
0.513494 3630
0.513494 3629
0.513494 3628
0.513494 3627
0.513494 3626
0.513494 3625
0.513494 3624
0.513368 3624
0.513368 3623
0.513368 3622
0.513351 3620
0.513351 3619
0.513351 3617
0.513351 3616
0.513351 3615
0.513351 3614
0.513351 3613
0.513351 3612
0.513351 3611
0.513351 3610
0.513351 3609
0.513351 3608
0.513351 3607
0.513351 3606
0.513351 3605
0.513233 3605
0.513233 3604
0.513233 3603
0.513233 3602
0.513233 3601
0.513233 3600
0.513233 3599
0.513233 3598
0.513233 3597
0.513233 3596
0.513233 3595
0.513233 3594
0.513233 3593
0.513233 3592
0.513233 3591
0.513233 3590
0.513233 3589
0.513233 3588
0.513233 3587
0.513233 3586
0.513233 3585
0.513233 3584
0.513233 3583
0.513233 3582
0.51312 3582
0.51312 3581
0.51312 3580
0.51312 3579
0.51312 3578
0.51312 3577
0.51312 3576
0.51312 3575
0.51312 3574
0.51312 3573
0.51312 3572
0.51312 3571
0.512976 3571
0.512976 3570
0.512976 3569
0.512976 3568
0.512976 3567
0.512976 3565
0.512976 3564
0.512976 3563
0.512976 3562
0.512976 3561
0.512815 3561
0.512815 3560
0.512815 3559
0.512815 3558
0.512815 3557
0.512815 3556
0.512762 3554
0.512762 3553
0.512762 3552
0.512762 3551
0.512762 3550
0.512762 3549
0.512762 3548
0.512762 3547
0.512762 3546
0.512762 3545
0.512762 3544
0.512731 3544
0.512628 3543
0.512628 3542
0.512534 3541
0.512534 3540
0.512534 3539
0.512534 3538
0.512534 3537
0.512534 3536
0.512534 3535
0.512391 3535
0.512391 3534
0.512391 3533
0.512391 3532
0.512391 3531
0.512391 3530
0.512391 3529
0.512368 3528
0.512368 3499
0.512368 3498
0.512368 3497
0.512368 3496
0.512368 3495
0.512368 3494
0.512368 3493
0.512368 3492
0.512368 3491
0.512368 3490
0.512368 3489
0.512367 3488
0.512367 3487
0.512367 3486
0.512367 3485
0.512248 3485
0.512248 3484
0.51224 3483
0.51224 3482
0.51224 3481
0.51224 3480
0.51224 3479
0.51224 3478
0.51224 3477
0.51224 3476
0.51224 3475
0.51224 3474
0.51224 3473
0.51224 3472
0.51224 3471
0.51224 3470
0.51224 3469
0.512136 3469
0.512136 3468
0.512136 3467
0.512136 3466
0.512136 3465
0.512136 3464
0.512136 3463
0.512136 3462
0.512136 3461
0.512136 3460
0.512121 3459
0.512121 3458
0.512121 3457
0.512121 3456
0.511969 3456
0.511969 3455
0.511969 3454
0.511969 3453
0.511957 3452
0.511957 3451
0.511957 3450
0.511957 3449
0.511957 3448
0.511957 3447
0.511957 3446
0.511935 3445
0.511935 3444
0.511935 3443
0.511935 3442
0.511935 3441
0.511935 3440
0.511935 3439
0.511935 3438
0.511935 3437
0.511901 3436
0.511901 3435
0.511901 3434
0.511901 3433
0.511901 3432
0.511901 3431
0.511901 3430
0.511901 3429
0.511901 3428
0.511901 3427
0.511901 3426
0.511901 3425
0.511901 3424
0.511901 3423
0.511901 3422
0.511901 3421
0.511901 3420
0.511901 3419
0.51185 3418
0.511722 3417
0.511722 3416
0.511722 3415
0.511722 3414
0.511722 3413
0.511722 3412
0.511722 3411
0.511722 3409
0.511722 3408
0.511722 3407
0.511722 3405
0.511722 3404
0.511634 3404
0.511634 3403
0.511634 3402
0.511627 3401
0.511627 3400
0.511616 3399
0.511616 3398
0.511616 3397
0.511616 3396
0.511496 3396
0.511496 3395
0.511354 3395
0.511354 3394
0.511354 3393
0.511354 3392
0.511354 3390
0.511354 3389
0.511354 3388
0.511354 3387
0.511354 3386
0.511354 3385
0.511354 3384
0.511354 3383
0.511354 3382
0.511354 3381
0.511354 3379
0.511354 3378
0.511354 3377
0.511354 3376
0.511354 3375
0.511354 3374
0.511354 3373
0.511354 3372
0.511354 3371
0.511354 3370
0.511354 3369
0.511354 3368
0.511354 3366
0.511354 3365
0.511354 3364
0.511354 3363
0.511354 3362
0.511354 3361
0.511354 3360
0.511354 3359
0.511354 3358
0.511354 3357
0.511354 3356
0.511277 3356
0.511171 3356
0.511171 3355
0.511171 3354
0.511171 3353
0.511171 3351
0.511171 3350
0.511171 3349
0.511171 3348
0.511171 3347
0.511171 3346
0.511161 3345
0.511161 3344
0.511161 3343
0.511161 3342
0.511161 3341
0.511161 3340
0.511161 3339
0.511056 3338
0.511055 3337
0.511055 3336
0.511055 3335
0.511055 3334
0.511055 3333
0.511055 3332
0.511055 3331
0.511055 3330
0.511055 3329
0.511055 3328
0.511055 3327
0.510937 3327
0.510937 3326
0.510937 3325
0.510937 3324
0.510937 3323
0.510937 3322
0.510937 3321
0.510937 3320
0.510937 3319
0.510937 3318
0.510937 3317
0.510937 3316
0.510785 3316
0.510785 3315
0.510785 3314
0.510785 3313
0.510785 3312
0.510785 3311
0.510785 3310
0.510785 3309
0.510785 3308
0.510785 3307
0.510785 3306
0.51071 3304
0.51071 3303
0.51071 3302
0.51071 3301
0.51071 3300
0.510617 3300
0.510617 3299
0.510617 3298
0.510603 3297
0.510603 3296
0.510603 3295
0.510603 3294
0.510603 3293
0.510518 3293
0.510518 3292
0.510518 3291
0.510518 3290
0.510393 3290
0.510393 3289
0.510373 3288
0.510373 3287
0.510373 3286
0.510373 3285
0.510227 3285
0.510227 3284
0.510227 3283
0.510227 3282
0.510227 3281
0.510227 3280
0.510227 3279
0.510227 3278
0.510227 3275
0.510227 3273
0.510227 3272
0.510227 3271
0.510227 3270
0.510104 3270
0.510104 3269
0.510104 3268
0.510104 3267
0.510104 3266
0.510104 3265
0.510104 3264
0.510104 3263
0.510104 3261
0.510104 3260
0.510104 3259
0.510104 3258
0.510104 3257
0.510104 3256
0.510104 3255
0.510104 3254
0.510104 3253
0.510104 3252
0.509989 3252
0.509844 3252
0.509844 3251
0.509844 3250
0.509844 3249
0.509844 3248
0.509844 3246
0.509844 3245
0.509844 3244
0.509827 3243
0.509827 3242
0.509827 3241
0.509827 3240
0.509827 3239
0.509827 3238
0.509827 3237
0.509827 3236
0.509827 3235
0.509827 3233
0.509827 3232
0.509827 3231
0.509827 3230
0.509723 3230
0.509723 3229
0.509723 3228
0.509723 3227
0.509723 3226
0.509723 3225
0.509472 3224
0.509472 3223
0.509472 3222
0.509472 3221
0.509472 3220
0.509472 3219
0.509472 3218
0.509472 3217
0.509472 3216
0.509472 3215
0.509472 3213
0.509472 3212
0.509472 3211
0.509472 3210
0.509472 3209
0.509472 3208
0.509472 3207
0.509472 3206
0.509472 3205
0.509472 3204
0.509472 3202
0.509472 3201
0.509472 3200
0.509472 3199
0.509472 3198
0.509472 3197
0.509459 3196
0.509459 3195
0.509459 3194
0.509431 3193
0.509431 3192
0.509431 3191
0.509431 3190
0.50931 3190
0.50931 3189
0.50931 3188
0.50931 3187
0.50931 3186
0.50931 3185
0.50931 3184
0.50931 3183
0.50931 3182
0.50931 3181
0.50931 3180
0.50931 3179
0.50931 3178
0.50931 3177
0.50931 3176
0.50931 3175
0.50931 3174
0.50931 3173
0.50931 3172
0.509308 3170
0.509308 3169
0.509308 3168
0.509164 3168
0.509164 3167
0.509164 3166
0.509164 3165
0.509067 3164
0.509067 3163
0.509067 3162
0.509067 3161
0.509067 3160
0.508947 3160
0.508947 3159
0.508947 3158
0.508947 3157
0.508878 3156
0.508878 3155
0.508749 3155
0.508749 3154
0.508749 3153
0.508749 3152
0.508749 3151
0.508749 3150
0.508749 3149
0.508749 3148
0.508749 3147
0.508627 3147
0.508627 3146
0.508627 3145
0.508627 3144
0.508627 3143
0.508627 3142
0.508627 3141
0.508612 3140
0.508612 3139
0.508612 3138
0.508579 3136
0.508579 3135
0.508579 3134
0.508579 3133
0.508579 3132
0.508579 3131
0.508579 3130
0.508579 3129
0.508579 3128
0.508579 3127
0.508579 3125
0.508579 3124
0.508579 3123
0.508579 3122
0.508579 3121
0.508579 3120
0.508579 3119
0.508579 3118
0.508579 3117
0.508433 3117
0.508433 3116
0.508325 3116
0.508325 3115
0.508325 3113
0.508325 3112
0.508325 3111
0.508325 3110
0.508325 3109
0.508325 3108
0.508245 3107
0.508245 3106
0.508245 3105
0.508245 3103
0.508245 3102
0.508245 3100
0.508245 3099
0.508245 3098
0.508245 3097
0.508115 3097
0.508115 3096
0.508115 3095
0.508115 3094
0.508115 3093
0.508115 3092
0.508115 3091
0.508115 3090
0.508115 3089
0.508115 3088
0.508115 3087
0.508115 3086
0.508115 3085
0.508115 3084
0.508115 3083
0.508115 3082
0.508115 3081
0.508115 3080
0.508115 3079
0.508115 3078
0.508115 3077
0.508115 3076
0.508115 3075
0.508115 3074
0.508115 3073
0.508115 3072
0.508115 3071
0.508115 3070
0.508079 3069
0.508079 3068
0.508079 3067
0.508079 3066
0.508079 3065
0.508079 3064
0.508079 3063
0.508079 3062
0.508079 3061
0.507963 3061
0.507963 3060
0.507963 3059
0.507963 3058
0.507963 3057
0.507963 3056
0.507939 3055
0.507834 3055
0.507834 3054
0.507834 3053
0.507834 3052
0.507834 3051
0.507834 3050
0.507834 3049
0.507834 3048
0.507786 3047
0.507786 3046
0.507786 3045
0.507786 3044
0.507786 3043
0.507669 3042
0.507669 3041
0.507669 3040
0.507652 3039
0.507652 3038
0.507652 3036
0.507652 3035
0.507652 3034
0.507652 3033
0.507652 3032
0.507652 3031
0.507652 3030
0.507652 3029
0.507652 3028
0.507652 3027
0.507652 3026
0.507652 3025
0.507652 3024
0.507652 3023
0.507652 3021
0.507652 3020
0.507611 3019
0.507611 3018
0.507611 3017
0.507611 3016
0.507605 3015
0.507605 3014
0.507605 3013
0.507605 3012
0.507605 3011
0.507605 3010
0.507605 3009
0.507605 3008
0.507605 3007
0.507605 3006
0.507605 3005
0.507605 3004
0.507605 3003
0.507605 3002
0.507605 3001
0.507493 3000
0.507493 2999
0.507493 2998
0.507448 2997
0.507448 2996
0.507448 2995
0.507448 2994
0.507448 2993
0.507448 2992
0.507448 2991
0.507448 2990
0.507448 2989
0.507448 2988
0.507448 2987
0.507448 2986
0.507448 2985
0.507448 2984
0.507448 2983
0.507448 2982
0.507448 2981
0.507448 2980
0.507448 2979
0.507448 2978
0.507448 2977
0.507412 2976
0.507412 2975
0.507412 2974
0.507412 2973
0.507412 2972
0.507412 2971
0.507412 2970
0.507412 2969
0.507412 2968
0.507412 2967
0.507412 2966
0.507412 2965
0.507412 2964
0.507412 2963
0.507412 2962
0.507412 2961
0.507297 2961
0.507297 2960
0.507297 2959
0.507297 2958
0.507171 2958
0.507171 2957
0.507171 2956
0.507171 2955
0.507171 2954
0.507171 2953
0.507026 2953
0.506887 2953
0.506887 2952
0.506887 2951
0.506887 2950
0.506887 2949
0.506887 2948
0.506887 2947
0.506887 2946
0.506887 2945
0.506778 2945
0.506778 2944
0.506908 2942
0.506908 2941
0.506908 2940
0.506908 2939
0.506908 2938
0.506908 2937
0.506908 2936
0.506908 2935
0.506904 2933
0.506904 2932
0.506904 2931
0.506775 2931
0.506775 2930
0.506775 2929
0.506775 2928
0.506775 2927
0.506775 2926
0.506775 2925
0.506775 2924
0.506775 2923
0.506774 2922
0.506774 2921
0.506774 2920
0.506774 2917
0.506774 2916
0.506774 2915
0.506774 2914
0.506774 2913
0.506774 2912
0.506774 2911
0.506774 2910
0.506774 2909
0.506774 2908
0.506774 2907
0.506739 2906
0.506739 2905
0.506739 2903
0.506739 2902
0.506739 2901
0.506739 2900
0.506739 2899
0.506739 2897
0.506739 2896
0.506739 2895
0.506739 2894
0.506739 2893
0.506739 2892
0.506739 2891
0.506739 2890
0.506694 2890
0.506694 2889
0.506694 2888
0.506694 2887
0.506694 2886
0.506694 2885
0.506694 2883
0.506694 2882
0.506694 2881
0.506694 2880
0.506694 2879
0.506694 2878
0.506649 2877
0.506649 2876
0.506649 2875
0.506649 2874
0.506649 2873
0.506649 2872
0.50651 2872
0.50651 2871
0.50651 2870
0.50651 2869
0.506364 2869
0.506364 2868
0.506364 2867
0.506364 2866
0.506364 2865
0.506364 2864
0.506364 2863
0.506364 2862
0.506364 2861
0.506301 2860
0.506301 2859
0.506301 2858
0.506301 2857
0.5063 2856
0.5063 2855
0.5063 2854
0.5063 2853
0.5063 2852
0.5063 2851
0.5063 2850
0.5063 2849
0.5063 2848
0.5063 2847
0.506223 2846
0.506223 2845
0.506223 2844
0.506223 2842
0.506223 2841
0.506223 2840
0.506223 2839
0.506223 2838
0.506223 2837
0.506223 2836
0.506223 2835
0.506223 2834
0.506111 2834
0.506111 2833
0.506111 2832
0.506111 2831
0.506111 2830
0.506111 2829
0.506111 2828
0.506111 2827
0.506111 2826
0.506111 2825
0.506111 2824
0.506087 2823
0.506087 2822
0.506087 2821
0.506087 2820
0.506087 2819
0.506087 2818
0.506087 2817
0.50594 2817
0.50594 2816
0.50594 2815
0.50594 2814
0.50594 2813
0.50594 2812
0.50594 2811
0.50594 2810
0.50594 2809
0.50594 2808
0.50594 2807
0.50594 2806
0.50594 2805
0.50594 2804
0.50594 2803
0.50594 2802
0.50594 2801
0.50594 2800
0.505803 2800
0.505803 2799
0.505803 2798
0.505803 2797
0.505803 2796
0.505803 2795
0.505803 2794
0.505803 2793
0.505803 2792
0.505803 2791
0.505803 2790
0.505803 2789
0.505803 2788
0.505803 2787
0.505803 2786
0.505803 2785
0.505803 2784
0.505803 2783
0.505803 2782
0.505803 2781
0.505803 2780
0.505803 2779
0.505803 2778
0.505803 2777
0.505803 2776
0.505803 2775
0.505803 2774
0.505721 2773
0.505721 2772
0.505721 2771
0.505721 2770
0.505721 2769
0.505721 2768
0.505721 2767
0.505721 2766
0.505721 2765
0.505721 2764
0.505721 2763
0.505721 2762
0.505721 2761
0.505721 2760
0.505721 2759
0.505717 2758
0.505717 2757
0.505671 2756
0.505671 2755
0.505671 2754
0.505671 2753
0.505671 2752
0.505579 2751
0.505579 2750
0.505478 2750
0.505478 2749
0.505339 2749
0.505211 2749
0.505211 2748
0.505211 2747
0.505211 2746
0.505073 2746
0.505073 2745
0.505073 2744
0.505073 2743
0.505001 2742
0.505001 2741
0.505001 2740
0.505001 2739
0.505001 2738
0.504966 2737
0.504966 2736
0.504966 2735
0.504844 2735
0.504843 2734
0.504843 2733
0.504843 2732
0.504843 2731
0.504843 2730
0.504843 2729
0.504843 2728
0.504843 2727
0.504843 2726
0.504843 2725
0.504843 2724
0.504843 2723
0.504843 2722
0.50483 2721
0.50483 2720
0.50483 2719
0.50483 2718
0.50483 2717
0.50483 2716
0.50483 2715
0.50483 2714
0.50483 2713
0.504691 2713
0.504691 2712
0.504691 2711
0.504691 2710
0.504691 2709
0.504691 2708
0.504691 2707
0.504691 2706
0.504691 2705
0.504691 2704
0.50455 2704
0.50455 2703
0.504445 2703
0.504439 2702
0.504334 2702
0.504334 2701
0.504334 2700
0.504334 2699
0.504334 2697
0.504334 2696
0.504334 2695
0.504334 2694
0.504334 2693
0.504334 2692
0.504334 2691
0.504334 2690
0.504334 2689
0.504334 2688
0.504224 2688
0.504219 2687
0.504219 2686
0.504219 2685
0.504219 2684
0.504219 2683
0.504219 2682
0.504219 2681
0.504219 2680
0.504219 2679
0.504104 2678
0.504104 2677
0.504077 2676
0.504029 2675
0.503994 2675
0.503921 2674
0.503921 2673
0.503911 2672
0.503911 2671
0.503911 2670
0.503911 2669
0.503911 2668
0.503911 2667
0.503911 2666
0.503911 2665
0.503812 2665
0.503812 2664
0.503812 2662
0.503812 2661
0.503931 2659
0.503893 2658
0.503755 2658
0.503755 2657
0.503755 2656
0.503755 2655
0.503755 2654
0.503755 2653
0.503755 2652
0.503755 2651
0.503755 2650
0.503755 2649
0.503755 2648
0.503716 2647
0.503716 2646
0.503716 2645
0.503716 2644
0.503716 2643
0.503716 2642
0.503661 2641
0.503661 2640
0.503661 2639
0.503661 2638
0.503661 2637
0.503661 2636
0.503661 2634
0.503661 2633
0.503661 2632
0.503661 2631
0.503661 2630
0.503661 2629
0.503661 2628
0.503546 2628
0.503546 2627
0.503546 2626
0.503546 2625
0.503546 2624
0.503546 2623
0.503546 2622
0.503546 2621
0.503546 2620
0.503546 2619
0.503546 2618
0.503546 2617
0.503546 2616
0.503421 2616
0.503421 2615
0.503421 2614
0.503421 2613
0.503421 2612
0.503421 2611
0.503421 2610
0.503421 2609
0.503421 2608
0.503421 2607
0.503421 2606
0.503421 2605
0.503421 2604
0.503262 2603
0.503119 2603
0.503079 2602
0.503079 2601
0.503079 2600
0.503079 2599
0.503079 2598
0.503079 2597
0.503079 2596
0.503079 2595
0.503079 2594
0.503079 2593
0.503079 2592
0.503073 2591
0.503073 2590
0.503073 2589
0.503073 2588
0.503073 2587
0.503073 2586
0.503073 2585
0.503073 2584
0.503073 2583
0.503073 2582
0.503073 2581
0.503073 2580
0.50303 2579
0.50303 2578
0.50303 2577
0.503025 2576
0.503025 2575
0.503009 2575
0.503009 2574
0.503009 2573
0.503009 2572
0.502993 2571
0.502993 2570
0.502993 2569
0.502993 2568
0.502993 2567
0.502993 2566
0.502993 2565
0.502988 2564
0.502988 2563
0.502988 2562
0.502988 2561
0.502988 2560
0.502988 2559
0.502988 2558
0.502988 2557
0.502988 2556
0.502988 2555
0.502988 2554
0.502913 2553
0.502913 2552
0.50285 2551
0.50285 2550
0.50285 2549
0.50285 2548
0.50285 2547
0.50285 2546
0.50285 2545
0.502711 2545
0.502711 2544
0.502711 2543
0.502711 2541
0.502711 2540
0.502711 2539
0.502711 2538
0.502594 2538
0.502594 2537
0.502594 2536
0.502594 2535
0.502594 2534
0.502594 2533
0.502594 2532
0.502594 2531
0.502594 2530
0.502594 2529
0.502594 2528
0.502594 2527
0.502594 2526
0.502566 2524
0.502566 2523
0.502566 2522
0.502566 2521
0.502566 2520
0.502566 2519
0.50239 2518
0.50239 2517
0.50239 2516
0.502381 2515
0.502381 2514
0.502381 2513
0.502381 2512
0.502381 2511
0.50232 2510
0.50232 2509
0.50232 2508
0.50232 2507
0.50232 2506
0.50232 2505
0.50232 2504
0.50232 2503
0.50232 2502
0.50232 2501
0.50232 2500
0.50232 2499
0.50232 2498
0.50232 2497
0.50232 2496
0.50232 2495
0.50232 2494
0.50232 2493
0.50232 2491
0.50232 2490
0.50232 2489
0.50232 2488
0.50232 2487
0.50232 2485
0.50232 2484
0.50232 2483
0.50232 2482
0.50232 2481
0.50232 2479
0.50232 2478
0.502189 2478
0.502189 2477
0.502061 2477
0.502061 2476
0.502061 2475
0.502061 2474
0.502061 2473
0.502061 2472
0.502061 2471
0.502061 2470
0.502061 2468
0.502061 2467
0.502061 2466
0.502061 2465
0.502061 2464
0.502061 2463
0.502061 2462
0.502061 2461
0.502061 2460
0.502058 2459
0.502039 2458
0.502039 2457
0.502039 2456
0.502039 2455
0.502039 2454
0.502039 2453
0.502039 2452
0.502039 2450
0.502039 2449
0.502039 2448
0.502039 2447
0.502039 2446
0.502039 2445
0.502036 2444
0.502036 2443
0.501911 2443
0.501911 2442
0.501911 2441
0.501911 2440
0.501911 2439
0.501911 2438
0.501911 2437
0.501911 2436
0.501911 2435
0.501911 2434
0.501911 2433
0.501911 2432
0.501911 2431
0.501911 2430
0.501765 2430
0.501765 2429
0.501765 2428
0.501765 2427
0.501765 2426
0.501765 2425
0.501765 2424
0.501765 2423
0.501765 2422
0.501645 2422
0.501645 2421
0.501645 2420
0.501645 2419
0.501527 2419
0.501527 2418
0.501527 2417
0.501421 2417
0.501421 2416
0.501421 2415
0.501421 2414
0.501421 2413
0.501421 2412
0.501421 2411
0.501421 2410
0.501421 2409
0.501421 2408
0.501421 2407
0.501421 2406
0.501421 2405
0.501421 2404
0.501367 2403
0.50135 2402
0.50135 2401
0.50135 2400
0.50135 2399
0.50135 2398
0.50135 2397
0.50135 2396
0.50135 2395
0.50135 2394
0.50135 2393
0.50135 2392
0.50135 2391
0.50135 2390
0.50135 2389
0.50135 2388
0.501289 2387
0.501278 2384
0.501276 2383
0.501276 2382
0.501276 2381
0.501276 2380
0.501276 2379
0.501276 2378
0.501162 2378
0.501162 2377
0.501162 2376
0.501138 2375
0.501138 2374
0.501125 2373
0.501125 2372
0.501093 2371
0.501093 2370
0.501042 2369
0.501042 2368
0.501042 2366
0.501042 2365
0.501042 2364
0.501042 2363
0.500951 2362
0.500951 2361
0.500951 2360
0.500951 2359
0.500951 2358
0.500951 2357
0.500951 2356
0.500951 2355
0.500951 2354
0.500808 2354
0.500808 2353
0.500808 2352
0.500808 2351
0.500808 2350
0.500808 2349
0.500808 2348
0.500808 2347
0.500808 2346
0.500808 2345
0.500808 2344
0.50077 2344
0.50066 2344
0.50066 2343
0.500515 2343
0.500515 2342
0.500515 2341
0.500454 2340
0.500454 2339
0.500454 2338
0.500313 2338
0.500313 2337
0.500313 2336
0.500313 2335
0.500313 2334
0.500313 2333
0.500209 2333
0.500209 2332
0.500182 2331
0.500182 2330
0.500165 2329
0.500165 2328
0.500165 2327
0.500028 2327
0.500028 2326
0.500028 2325
0.499989 2324
0.499989 2323
0.499989 2322
0.499989 2321
0.49987 2321
0.49987 2320
0.49987 2319
0.49987 2318
0.49987 2317
0.49987 2316
0.49987 2314
0.49987 2313
0.49987 2312
0.499842 2311
0.499842 2310
0.499842 2308
0.499842 2307
0.499696 2307
0.499696 2306
0.499601 2304
0.499601 2303
0.499601 2302
0.499558 2302
0.499558 2301
0.499558 2300
0.499558 2299
0.499558 2298
0.499424 2298
0.499354 2297
0.499354 2296
0.499354 2295
0.499238 2295
0.499238 2294
0.499238 2293
0.499238 2292
0.499238 2291
0.499238 2290
0.499238 2289
0.499238 2288
0.499238 2287
0.499238 2286
0.499238 2285
0.499108 2285
0.499108 2284
0.498962 2284
0.498939 2283
0.498903 2282
0.498903 2281
0.498784 2281
0.498784 2280
0.498784 2279
0.498784 2278
0.49867 2278
0.498617 2277
0.498617 2276
0.498617 2275
0.498617 2274
0.498617 2273
0.498497 2273
0.498494 2272
0.498494 2271
0.49839 2271
0.498261 2271
0.498261 2270
0.498126 2270
0.498126 2269
0.498126 2268
0.498121 2267
0.498121 2266
0.498056 2265
0.498056 2264
0.498056 2263
0.498056 2262
0.498056 2261
0.498054 2260
0.498054 2259
0.498054 2258
0.498054 2257
0.497916 2257
0.497916 2256
0.497916 2255
0.497916 2254
0.497916 2253
0.497786 2253
0.497786 2252
0.497786 2251
0.497786 2250
0.497757 2249
0.497757 2248
0.497642 2248
0.497642 2247
0.497643 2246
0.497643 2245
0.497643 2244
0.497643 2243
0.497643 2242
0.497643 2241
0.497643 2240
0.497643 2239
0.497643 2238
0.497643 2237
0.497643 2236
0.497643 2235
0.497643 2234
0.497643 2233
0.497643 2232
0.497526 2232
0.497393 2232
0.497393 2231
0.497393 2230
0.497393 2229
0.497393 2228
0.497393 2227
0.497393 2226
0.497392 2225
0.497392 2224
0.497285 2224
0.497274 2223
0.497148 2223
0.497045 2223
0.497045 2222
0.497045 2221
0.497045 2220
0.497045 2219
0.497045 2218
0.497045 2217
0.497045 2216
0.497045 2215
0.497045 2214
0.496986 2213
0.496986 2212
0.497124 2210
0.497124 2209
0.497069 2208
0.497023 2207
0.497023 2206
0.497018 2205
0.496916 2205
0.496818 2205
0.496818 2204
0.496818 2203
0.496679 2203
0.496544 2203
0.496544 2202
0.496544 2201
0.496544 2200
0.496544 2199
0.496544 2198
0.496544 2197
0.496544 2196
0.496544 2195
0.496544 2193
0.49653 2192
0.496465 2191
0.496465 2190
0.496465 2189
0.496465 2188
0.496465 2187
0.496465 2186
0.496465 2185
0.496465 2184
0.496465 2183
0.496465 2182
0.496465 2181
0.496465 2180
0.496465 2179
0.496436 2178
0.496436 2177
0.496436 2176
0.49635 2175
0.49635 2174
0.496202 2174
0.496202 2173
0.496202 2172
0.496202 2171
0.496202 2170
0.496201 2169
0.496201 2168
0.496151 2168
0.496151 2167
0.49607 2166
0.49606 2165
0.49606 2164
0.49606 2163
0.49606 2162
0.49606 2161
0.495968 2160
0.495968 2159
0.495968 2158
0.495968 2157
0.495968 2156
0.495968 2155
0.495968 2154
0.495968 2153
0.495968 2152
0.495968 2151
0.495968 2150
0.495888 2149
0.495888 2148
0.495888 2147
0.495885 2146
0.495885 2145
0.495885 2144
0.495885 2143
0.495885 2142
0.495885 2141
0.495737 2141
0.49559 2141
0.49559 2140
0.49559 2139
0.49559 2138
0.49559 2137
0.495503 2136
0.495503 2135
0.495503 2134
0.495503 2133
0.495503 2132
0.495503 2131
0.495503 2130
0.495503 2129
0.495503 2128
0.495503 2127
0.495503 2126
0.495369 2126
0.495369 2125
0.495369 2124
0.495231 2124
0.495231 2123
0.495101 2123
0.495101 2121
0.495101 2120
0.495055 2119
0.495055 2118
0.495055 2117
0.495055 2116
0.494921 2116
0.494921 2115
0.494766 2115
0.494766 2114
0.494766 2113
0.494766 2112
0.494766 2111
0.494766 2110
0.494732 2109
0.494732 2108
0.494732 2107
0.494732 2106
0.49471 2105
0.49471 2104
0.494592 2104
0.494592 2103
0.494592 2102
0.494592 2101
0.494592 2100
0.494592 2099
0.494592 2098
0.494592 2097
0.494592 2096
0.494487 2096
0.494487 2095
0.494487 2094
0.494487 2093
0.494487 2092
0.494487 2091
0.494487 2090
0.494487 2089
0.49437 2089
0.49437 2088
0.49437 2087
0.49437 2086
0.494236 2086
0.494236 2085
0.494236 2084
0.494107 2084
0.494107 2083
0.494107 2082
0.494107 2081
0.494065 2080
0.494065 2079
0.494002 2078
0.494002 2077
0.494002 2076
0.494002 2075
0.494002 2074
0.494002 2073
0.494002 2072
0.494002 2071
0.494002 2070
0.493876 2070
0.493876 2069
0.493876 2068
0.493876 2067
0.493876 2066
0.493876 2065
0.493876 2064
0.493876 2063
0.493876 2062
0.493876 2061
0.493876 2060
0.493876 2059
0.493876 2058
0.493732 2058
0.493594 2058
0.493473 2058
0.493367 2058
0.493367 2057
0.493367 2056
0.493367 2055
0.493367 2054
0.493367 2053
0.493367 2052
0.493367 2051
0.493367 2050
0.493367 2049
0.493367 2048
0.493367 2047
0.49325 2047
0.49325 2046
0.49325 2044
0.49325 2043
0.49325 2042
0.49325 2041
0.493242 2040
0.493242 2039
0.493242 2038
0.493242 2037
0.493187 2036
0.493187 2035
0.493187 2034
0.493187 2033
0.493187 2032
0.493187 2031
0.493187 2030
0.493187 2029
0.493187 2028
0.493187 2027
0.493187 2025
0.493187 2024
0.493187 2023
0.493187 2022
0.493075 2022
0.493075 2021
0.493075 2020
0.493075 2019
0.493075 2018
0.493075 2017
0.493075 2016
0.493053 2015
0.493053 2014
0.493053 2013
0.492925 2013
0.492925 2012
0.492925 2011
0.492925 2010
0.492925 2009
0.492925 2007
0.492925 2006
0.492925 2005
0.492925 2004
0.492801 2004
0.492801 2003
0.492801 2002
0.492801 2001
0.492797 2000
0.49265 2000
0.49265 1999
0.492599 1998
0.492588 1997
0.492494 1997
0.492494 1996
0.492494 1995
0.492494 1994
0.492494 1993
0.492494 1992
0.492494 1991
0.492494 1990
0.492494 1989
0.492494 1988
0.492494 1987
0.492494 1986
0.492494 1985
0.492494 1984
0.492494 1983
0.492494 1982
0.492494 1981
0.492494 1980
0.492494 1979
0.492494 1978
0.492494 1977
0.492494 1976
0.492494 1975
0.492494 1974
0.492494 1973
0.492494 1972
0.492361 1972
0.492213 1972
0.492086 1972
0.492086 1971
0.492086 1970
0.492086 1969
0.491949 1969
0.491949 1968
0.491916 1967
0.491916 1966
0.491916 1965
0.491916 1964
0.491916 1963
0.491916 1962
0.491916 1961
0.491916 1960
0.491916 1958
0.49176 1958
0.49176 1957
0.49176 1956
0.49176 1955
0.49176 1954
0.49176 1953
0.491731 1952
0.49164 1951
0.49164 1950
0.49164 1949
0.49164 1948
0.49164 1947
0.49164 1946
0.49164 1945
0.49164 1944
0.49164 1943
0.49164 1942
0.49164 1941
0.49164 1940
0.49164 1939
0.491527 1939
0.491527 1938
0.491527 1937
0.491452 1936
0.491452 1935
0.491452 1934
0.491452 1933
0.491452 1932
0.491452 1931
0.491452 1930
0.491452 1929
0.491301 1929
0.491301 1928
0.491301 1927
0.491225 1926
0.491225 1925
0.491072 1925
0.491072 1924
0.491072 1923
0.491072 1922
0.491072 1921
0.491072 1919
0.491072 1917
0.491072 1916
0.491072 1915
0.491072 1914
0.491072 1913
0.491072 1912
0.491072 1911
0.491072 1910
0.491072 1909
0.491072 1908
0.491072 1907
0.491072 1906
0.491072 1905
0.491072 1904
0.491072 1903
0.491072 1902
0.491072 1901
0.490951 1901
0.490823 1901
0.490823 1900
0.490823 1899
0.490823 1898
0.490823 1897
0.490823 1896
0.490823 1895
0.490823 1894
0.490685 1894
0.490685 1893
0.490685 1892
0.490559 1892
0.490559 1891
0.490559 1890
0.490559 1889
0.490559 1888
0.490559 1887
0.490559 1886
0.490559 1885
0.490559 1884
0.490559 1883
0.490421 1883
0.490421 1882
0.49027 1882
0.490147 1882
0.490147 1881
0.490147 1880
0.490147 1879
0.490147 1878
0.490147 1877
0.490147 1876
0.490147 1875
0.490147 1874
0.490147 1873
0.490147 1872
0.490147 1871
0.490147 1870
0.490147 1869
0.490147 1867
0.490135 1866
0.490135 1865
0.490135 1864
0.490135 1863
0.490003 1863
0.490003 1862
0.490003 1861
0.490003 1860
0.490003 1859
0.490003 1858
0.490003 1857
0.490003 1856
0.489891 1856
0.489891 1855
0.489891 1854
0.489836 1853
0.489836 1852
0.489836 1851
0.489715 1851
0.489574 1850
0.48945 1850
0.48945 1848
0.48932 1848
0.48932 1847
0.48932 1846
0.48932 1845
0.48932 1844
0.48932 1843
0.48932 1842
0.489313 1841
0.489313 1840
0.489313 1839
0.489313 1838
0.489313 1837
0.489313 1836
0.489194 1836
0.489194 1835
0.489194 1834
0.489194 1833
0.489194 1832
0.489194 1831
0.489194 1830
0.489194 1829
0.489194 1828
0.489194 1827
0.489194 1826
0.489189 1825
0.489189 1824
0.489189 1823
0.489126 1822
0.489126 1821
0.489126 1820
0.489001 1820
0.489001 1819
0.489001 1818
0.489001 1817
0.488998 1816
0.488998 1815
0.488998 1814
0.488998 1813
0.488998 1812
0.488974 1811
0.488974 1810
0.488974 1809
0.488864 1809
0.488864 1808
0.488864 1807
0.488864 1806
0.488864 1805
0.488864 1804
0.488864 1803
0.488864 1802
0.488734 1802
0.488734 1801
0.488734 1800
0.488729 1799
0.488659 1798
0.488659 1797
0.488659 1796
0.488659 1795
0.488659 1794
0.488659 1793
0.488657 1792
0.488583 1791
0.488583 1790
0.488583 1789
0.488583 1788
0.488583 1787
0.488583 1786
0.488583 1785
0.488583 1784
0.488583 1783
0.488583 1782
0.488583 1781
0.488526 1780
0.488526 1779
0.488526 1778
0.488526 1777
0.488526 1776
0.488526 1775
0.488518 1774
0.488386 1774
0.488386 1773
0.488386 1772
0.488386 1771
0.488386 1770
0.488386 1769
0.488386 1768
0.488386 1767
0.488386 1766
0.488386 1765
0.488386 1764
0.488386 1763
0.488386 1762
0.488384 1761
0.488384 1760
0.488384 1759
0.488384 1758
0.488384 1757
0.488244 1757
0.488106 1757
0.488106 1756
0.488106 1755
0.488064 1754
0.488064 1753
0.487972 1752
0.487972 1750
0.487847 1750
0.487847 1749
0.487709 1749
0.487582 1749
0.487582 1748
0.487506 1747
0.487506 1746
0.487382 1746
0.487382 1745
0.48738 1744
0.48738 1743
0.48738 1742
0.48738 1741
0.48738 1740
0.48738 1739
0.48738 1738
0.48738 1737
0.48738 1736
0.48738 1735
0.48723 1735
0.487219 1734
0.487219 1733
0.487124 1733
0.487004 1733
0.487004 1732
0.487004 1731
0.487004 1730
0.487004 1729
0.487004 1727
0.48688 1727
0.48688 1726
0.48688 1725
0.48688 1724
0.48688 1723
0.486745 1723
0.486745 1722
0.486745 1721
0.486745 1720
0.486601 1720
0.486601 1719
0.486601 1718
0.486601 1717
0.486601 1716
0.486601 1715
0.486457 1715
0.486457 1713
0.486457 1712
0.486457 1711
0.486457 1709
0.486457 1708
0.486457 1707
0.48636 1707
0.48636 1706
0.486297 1705
0.486297 1704
0.486297 1703
0.486297 1702
0.486287 1701
0.486287 1700
0.486287 1699
0.486287 1698
0.486287 1697
0.486287 1696
0.486287 1695
0.486287 1694
0.486141 1694
0.486141 1693
0.486141 1692
0.486141 1691
0.486141 1690
0.486036 1690
0.486036 1689
0.486036 1688
0.486036 1687
0.486036 1686
0.485944 1686
0.48593 1685
0.485779 1685
0.485779 1684
0.485779 1683
0.485779 1682
0.48576 1681
0.48576 1680
0.48576 1679
0.485736 1678
0.485736 1677
0.485736 1676
0.485736 1675
0.485736 1674
0.485736 1673
0.485736 1672
0.485736 1671
0.485736 1669
0.485736 1668
0.485587 1668
0.485587 1667
0.485587 1666
0.485587 1665
0.485587 1664
0.485587 1663
0.485587 1662
0.485587 1661
0.485587 1660
0.485587 1659
0.485587 1658
0.485586 1657
0.485586 1656
0.485586 1655
0.485586 1654
0.485528 1653
0.485433 1652
0.485433 1651
0.485433 1650
0.485414 1649
0.485414 1648
0.485414 1647
0.485286 1647
0.485173 1647
0.485173 1646
0.485173 1645
0.485168 1644
0.485168 1643
0.485168 1642
0.485167 1641
0.485167 1640
0.485167 1639
0.485167 1638
0.485167 1637
0.485167 1636
0.485167 1635
0.485167 1634
0.485167 1633
0.485167 1632
0.485167 1631
0.485167 1630
0.485023 1630
0.485009 1629
0.484961 1628
0.484961 1627
0.484961 1626
0.484961 1625
0.484961 1624
0.484961 1623
0.484958 1622
0.484958 1621
0.484958 1620
0.484958 1619
0.484958 1618
0.484858 1618
0.484858 1617
0.484858 1615
0.484849 1614
0.484849 1613
0.484849 1611
0.484849 1610
0.484849 1609
0.484849 1608
0.484849 1606
0.484849 1605
0.484743 1605
0.484743 1604
0.484743 1603
0.484743 1602
0.484743 1601
0.484743 1600
0.484743 1599
0.484743 1598
0.484738 1597
0.484738 1596
0.484597 1596
0.484597 1595
0.484517 1595
0.484398 1595
0.484398 1594
0.484398 1593
0.484398 1592
0.484398 1591
0.484398 1590
0.484398 1589
0.484398 1588
0.484398 1587
0.484398 1586
0.484398 1585
0.484398 1584
0.484398 1583
0.484398 1582
0.484398 1581
0.484398 1580
0.484279 1580
0.484279 1579
0.484279 1578
0.484279 1577
0.484279 1576
0.484279 1575
0.484256 1574
0.484256 1573
0.484203 1571
0.484045 1571
0.483907 1571
0.483907 1570
0.483907 1569
0.483907 1568
0.483907 1567
0.483907 1566
0.483907 1565
0.483829 1564
0.483829 1563
0.483829 1562
0.483829 1561
0.483698 1561
0.483698 1560
0.483698 1559
0.483698 1558
0.483683 1557
0.483683 1556
0.48359 1556
0.48359 1555
0.48359 1554
0.483442 1554
0.483435 1553
0.483435 1552
0.483435 1551
0.483435 1550
0.483435 1549
0.483435 1548
0.483435 1547
0.483286 1547
0.483286 1546
0.483286 1545
0.483286 1544
0.483273 1543
0.483273 1542
0.483273 1541
0.483135 1541
0.483135 1540
0.483135 1539
0.482983 1539
0.482983 1538
0.482983 1537
0.482983 1536
0.482983 1535
0.482983 1534
0.482983 1533
0.482983 1532
0.482983 1531
0.482876 1530
0.482876 1529
0.482876 1528
0.482876 1527
0.482876 1526
0.482876 1525
0.482876 1523
0.482876 1522
0.482876 1521
0.482876 1520
0.482746 1520
0.482746 1519
0.482593 1519
0.482593 1518
0.482593 1517
0.482593 1516
0.482593 1515
0.48244 1515
0.48244 1514
0.48244 1513
0.48244 1512
0.48244 1511
0.48244 1510
0.482304 1510
0.482304 1509
0.482228 1508
0.482228 1507
0.482228 1506
0.482228 1505
0.482127 1505
0.482127 1504
0.482127 1503
0.482121 1502
0.482121 1501
0.482012 1501
0.482012 1500
0.482 1499
0.481958 1498
0.481887 1497
0.481887 1496
0.481763 1496
0.481763 1495
0.481763 1494
0.481763 1493
0.481763 1492
0.481693 1491
0.48169 1490
0.48169 1489
0.48169 1488
0.48169 1487
0.48169 1486
0.48169 1485
0.48169 1484
0.48169 1483
0.48169 1482
0.48169 1481
0.48169 1480
0.481551 1480
0.481551 1479
0.481551 1478
0.481551 1477
0.481551 1476
0.481421 1476
0.481421 1475
0.481421 1474
0.481421 1473
0.481295 1473
0.481295 1472
0.481295 1471
0.481295 1470
0.481295 1469
0.481295 1468
0.481293 1467
0.481293 1466
0.481293 1465
0.481293 1464
0.481254 1463
0.481254 1462
0.481162 1461
0.481162 1460
0.481162 1459
0.481041 1459
0.481041 1458
0.481041 1456
0.480924 1456
0.480924 1455
0.480924 1454
0.480825 1454
0.4807 1454
0.4807 1453
0.4807 1452
0.480577 1452
0.480577 1451
0.480577 1450
0.480577 1449
0.480577 1448
0.480577 1447
0.480577 1446
0.480577 1445
0.480577 1444
0.480577 1443
0.480577 1442
0.480577 1441
0.480577 1440
0.480577 1439
0.480577 1438
0.480577 1437
0.480577 1436
0.480577 1435
0.480577 1434
0.48044 1434
0.48044 1433
0.48044 1432
0.48044 1431
0.48044 1430
0.48044 1429
0.480316 1429
0.480316 1428
0.480316 1427
0.480316 1426
0.480316 1425
0.480316 1424
0.480316 1423
0.480316 1422
0.480316 1421
0.480316 1420
0.480316 1419
0.480216 1419
0.480213 1418
0.480146 1417
0.480146 1416
0.480146 1415
0.480146 1414
0.480146 1413
0.480146 1412
0.480146 1411
0.480146 1410
0.480042 1409
0.480042 1408
0.480042 1407
0.480042 1406
0.480042 1404
0.480042 1403
0.479922 1403
0.4798 1403
0.4798 1402
0.4798 1401
0.479708 1399
0.479708 1398
0.479708 1397
0.479659 1395
0.479659 1394
0.479659 1393
0.479659 1392
0.479659 1391
0.479659 1390
0.479404 1390
0.479404 1389
0.479404 1388
0.479272 1388
0.479268 1387
0.479268 1386
0.479268 1385
0.479268 1384
0.479268 1383
0.479268 1382
0.479268 1381
0.479268 1380
0.479268 1379
0.479134 1379
0.479074 1378
0.478949 1378
0.478949 1377
0.478949 1376
0.478819 1376
0.478819 1375
0.478819 1374
0.478684 1374
0.478563 1374
0.478435 1374
0.478435 1373
0.478435 1372
0.478435 1371
0.478435 1370
0.478435 1369
0.478363 1368
0.478363 1367
0.478363 1366
0.478342 1365
0.478237 1365
0.478237 1364
0.478237 1363
0.478125 1363
0.478125 1362
0.478125 1361
0.478122 1360
0.478122 1359
0.478122 1358
0.478122 1357
0.478122 1356
0.47807 1355
0.47807 1354
0.47807 1353
0.47807 1352
0.47807 1351
0.47807 1350
0.47807 1349
0.47795 1349
0.47795 1348
0.47795 1347
0.477834 1347
0.477834 1346
0.477834 1345
0.477834 1344
0.477834 1343
0.477693 1343
0.477693 1342
0.477561 1342
0.477561 1341
0.477561 1340
0.477561 1339
0.477437 1339
0.477437 1338
0.477331 1338
0.477331 1337
0.477331 1336
0.477331 1335
0.477331 1334
0.477331 1333
0.477331 1332
0.477205 1332
0.477205 1331
0.477205 1330
0.477071 1330
0.477071 1329
0.476966 1329
0.476966 1328
0.476825 1328
0.476825 1327
0.476804 1326
0.476804 1325
0.476804 1324
0.476804 1323
0.476804 1322
0.476671 1322
0.476641 1321
0.476507 1321
0.476507 1320
0.476507 1319
0.476507 1318
0.476507 1317
0.476507 1316
0.476507 1315
0.476491 1314
0.476491 1313
0.476491 1312
0.47649 1311
0.476338 1311
0.476338 1310
0.476338 1309
0.476338 1308
0.476329 1307
0.476285 1306
0.476285 1305
0.476285 1304
0.476285 1303
0.476285 1302
0.476285 1301
0.476285 1300
0.476285 1299
0.476149 1299
0.476149 1298
0.476149 1297
0.476149 1296
0.476149 1295
0.476149 1294
0.476133 1293
0.476133 1292
0.476133 1291
0.476133 1290
0.476059 1289
0.476059 1288
0.476059 1287
0.476059 1286
0.476059 1285
0.475974 1284
0.475974 1282
0.475866 1282
0.475866 1281
0.475724 1281
0.475724 1280
0.475724 1279
0.475724 1278
0.475724 1277
0.475724 1276
0.475724 1275
0.475724 1274
0.475724 1273
0.475724 1272
0.475724 1271
0.475724 1270
0.475724 1269
0.475724 1268
0.475579 1268
0.475479 1268
0.475479 1267
0.475353 1267
0.475353 1266
0.475353 1265
0.475307 1264
0.475307 1263
0.475307 1262
0.475307 1261
0.475307 1260
0.475307 1259
0.475178 1259
0.475047 1259
0.475023 1258
0.475023 1257
0.475023 1256
0.475022 1255
0.474961 1254
0.474961 1253
0.474961 1252
0.474961 1251
0.474961 1250
0.474955 1249
0.474955 1248
0.47484 1248
0.47484 1247
0.47484 1246
0.47484 1245
0.47484 1244
0.47484 1243
0.474801 1242
0.474801 1241
0.474801 1240
0.474801 1239
0.474801 1238
0.474774 1237
0.474774 1236
0.474759 1235
0.474759 1234
0.474759 1232
0.474705 1231
0.474697 1229
0.474697 1228
0.474697 1227
0.474558 1227
0.474558 1226
0.474558 1225
0.474558 1224
0.474433 1224
0.474433 1223
0.474433 1222
0.474344 1221
0.474344 1220
0.474344 1219
0.474344 1218
0.474344 1217
0.474344 1216
0.474242 1216
0.474169 1215
0.474169 1214
0.474169 1213
0.474169 1212
0.474169 1211
0.474068 1211
0.474068 1210
0.474068 1209
0.473938 1209
0.473938 1208
0.473938 1207
0.473938 1206
0.473839 1206
0.47369 1206
0.47369 1205
0.47369 1204
0.47369 1203
0.47369 1202
0.47369 1201
0.47369 1200
0.47369 1199
0.473565 1199
0.473565 1198
0.47346 1198
0.473402 1197
0.473402 1196
0.473402 1195
0.473333 1194
0.473333 1193
0.473248 1192
0.473248 1191
0.473132 1191
0.473132 1190
0.473132 1189
0.473132 1188
0.473132 1187
0.4731 1186
0.4731 1185
0.4731 1184
0.472962 1184
0.472836 1184
0.472836 1183
0.472836 1182
0.472759 1181
0.472655 1181
0.472655 1180
0.472655 1179
0.472655 1178
0.472504 1178
0.47236 1178
0.47236 1177
0.47236 1176
0.47236 1175
0.47236 1174
0.472236 1174
0.472236 1173
0.472236 1172
0.472236 1171
0.472236 1170
0.472236 1169
0.472236 1168
0.472236 1167
0.472236 1166
0.4721 1166
0.4721 1165
0.4721 1163
0.4721 1162
0.4721 1161
0.4721 1160
0.472034 1159
0.471906 1159
0.471906 1158
0.471906 1157
0.471906 1156
0.47179 1156
0.47179 1155
0.471662 1155
0.471662 1154
0.471538 1154
0.471416 1154
0.471274 1154
0.471268 1153
0.471268 1151
0.471143 1151
0.471012 1151
0.471012 1150
0.471012 1149
0.471012 1148
0.470984 1147
0.470984 1146
0.470835 1146
0.470709 1146
0.470709 1145
0.470709 1144
0.470709 1143
0.470709 1142
0.470709 1141
0.470591 1141
0.470591 1140
0.470591 1139
0.470591 1138
0.470591 1137
0.470481 1137
0.470481 1136
0.470481 1135
0.470481 1134
0.470481 1133
0.470389 1132
0.470382 1131
0.470366 1130
0.470366 1129
0.470246 1129
0.470099 1128
0.470099 1127
0.470099 1126
0.470099 1125
0.470099 1124
0.469952 1124
0.469952 1123
0.469946 1122
0.469825 1121
0.469825 1120
0.469825 1119
0.469825 1118
0.469825 1117
0.469708 1117
0.469708 1116
0.469708 1115
0.469612 1114
0.469525 1113
0.469453 1112
0.469453 1111
0.469453 1110
0.469302 1110
0.469302 1109
0.469302 1108
0.469302 1107
0.469174 1107
0.469091 1106
0.468948 1106
0.468934 1105
0.46886 1104
0.46886 1103
0.468761 1103
0.468761 1102
0.468761 1101
0.468625 1101
0.468625 1100
0.468501 1100
0.468399 1100
0.468399 1099
0.468399 1098
0.468399 1097
0.468399 1096
0.468399 1095
0.468399 1094
0.468399 1093
0.468399 1092
0.468399 1091
0.468399 1090
0.468264 1090
0.468178 1089
0.468178 1088
0.468178 1086
0.468044 1086
0.468044 1085
0.468044 1084
0.468044 1083
0.467925 1083
0.467795 1083
0.467795 1082
0.467795 1081
0.467795 1080
0.467795 1079
0.467795 1078
0.467795 1077
0.467795 1076
0.467726 1075
0.467726 1074
0.467726 1073
0.467726 1072
0.467726 1071
0.467726 1070
0.467584 1070
0.467584 1069
0.467584 1068
0.467584 1067
0.46745 1067
0.46745 1066
0.467312 1066
0.467312 1064
0.467312 1063
0.46717 1063
0.46717 1062
0.467018 1062
0.467018 1061
0.466899 1061
0.466899 1060
0.466795 1060
0.466795 1059
0.4667 1058
0.4667 1057
0.4667 1056
0.4667 1055
0.4667 1054
0.466632 1053
0.466474 1053
0.466474 1052
0.466474 1051
0.466474 1050
0.466474 1049
0.466474 1048
0.466474 1047
0.466349 1047
0.466349 1046
0.466248 1046
0.466096 1046
0.466096 1045
0.466096 1044
0.466096 1043
0.466096 1042
0.466096 1041
0.465957 1041
0.465837 1041
0.465837 1040
0.465837 1039
0.465837 1038
0.465837 1037
0.465837 1036
0.465837 1035
0.465837 1034
0.465837 1033
0.465837 1032
0.465704 1032
0.465613 1031
0.465613 1030
0.465613 1029
0.465473 1029
0.465473 1028
0.465473 1027
0.465473 1026
0.465473 1025
0.465473 1024
0.465473 1023
0.465473 1022
0.465325 1022
0.465325 1021
0.465186 1021
0.465186 1019
0.465186 1018
0.465186 1017
0.465186 1016
0.465186 1015
0.465186 1014
0.465186 1013
0.465186 1012
0.465186 1011
0.465186 1010
0.465186 1009
0.465186 1008
0.465038 1008
0.465025 1007
0.465025 1006
0.465025 1005
0.465025 1004
0.465014 1002
0.465014 1001
0.465013 1000
0.465013 999
0.464886 999
0.46477 999
0.46477 998
0.46477 997
0.46477 996
0.464625 996
0.464625 995
0.464625 994
0.464503 994
0.464361 993
0.464361 992
0.464219 992
0.464111 992
0.464111 991
0.464111 990
0.464111 989
0.464111 988
0.464111 987
0.463986 987
0.463986 986
0.463852 986
0.463852 985
0.463707 985
0.463707 984
0.463707 983
0.463698 982
0.463698 981
0.463698 980
0.463698 979
0.463698 978
0.463698 977
0.463563 977
0.463552 976
0.463551 975
0.463551 974
0.463422 974
0.463422 973
0.463422 972
0.463422 971
0.463298 971
0.463298 970
0.463298 969
0.463298 968
0.463298 967
0.463298 966
0.463298 965
0.463172 965
0.463172 964
0.463069 963
0.463069 962
0.463069 961
0.463069 960
0.463069 959
0.463069 958
0.463069 957
0.463069 955
0.462947 955
0.462946 953
0.462946 952
0.462802 952
0.462802 951
0.462802 950
0.462667 950
0.462667 949
0.462667 948
0.462667 947
0.462667 946
0.462667 945
0.462667 944
0.462667 943
0.462532 943
0.462532 942
0.462532 941
0.462532 940
0.462532 939
0.462408 939
0.462408 938
0.462408 937
0.4623 937
0.4623 936
0.462291 935
0.462291 934
0.462291 933
0.462291 932
0.462291 931
0.462167 931
0.462167 930
0.462167 929
0.462068 929
0.462068 928
0.462068 927
0.462068 926
0.462067 925
0.462067 924
0.461952 924
0.461952 923
0.461949 921
0.461949 920
0.461949 919
0.461949 918
0.461949 917
0.461949 916
0.461825 916
0.461755 915
0.461755 914
0.461712 913
0.461712 912
0.461576 912
0.461576 911
0.461426 911
0.461426 910
0.461426 909
0.461426 908
0.46128 908
0.46128 907
0.46128 906
0.46128 905
0.461195 904
0.461195 903
0.461044 903
0.461044 902
0.460916 902
0.460916 900
0.460916 899
0.460916 898
0.460916 897
0.460916 896
0.460777 896
0.460777 895
0.460777 894
0.460777 893
0.460777 891
0.46067 891
0.460523 891
0.460523 890
0.460628 888
0.460628 887
0.460628 886
0.460516 886
0.460516 885
0.460516 884
0.460516 883
0.460516 882
0.46047 881
0.46047 880
0.460339 880
0.4603 880
0.460162 880
0.460057 880
0.460057 879
0.459915 879
0.459915 878
0.459915 877
0.459789 877
0.459789 876
0.459789 875
0.459789 874
0.459789 873
0.459789 872
0.459789 871
0.459643 871
0.459518 871
0.459511 870
0.459511 869
0.459393 869
0.459244 869
0.459244 868
0.459244 867
0.459244 866
0.459244 865
0.459138 865
0.459138 864
0.459138 863
0.459013 863
0.459013 862
0.459013 861
0.458881 861
0.458751 861
0.458619 861
0.458459 861
0.458459 860
0.458459 859
0.458319 859
0.45818 859
0.458026 859
0.457906 859
0.457906 858
0.457906 857
0.457906 856
0.457906 855
0.457906 854
0.457906 853
0.457765 853
0.457765 852
0.457765 851
0.457641 851
0.457641 850
0.457641 849
0.457641 848
0.457491 848
0.457491 847
0.457474 846
0.457474 845
0.457474 844
0.457389 843
0.457247 843
0.457247 842
0.457247 841
0.457104 841
0.457104 840
0.456955 840
0.456955 839
0.456955 838
0.456955 837
0.456955 836
0.456955 835
0.456955 834
0.456882 833
0.456882 832
0.45687 831
0.45687 830
0.45686 829
0.456742 829
0.456742 828
0.456608 828
0.456608 827
0.456473 827
0.456473 826
0.456473 825
0.456473 824
0.456473 823
0.456365 822
0.456365 821
0.456232 821
0.456232 820
0.456204 819
0.456204 818
0.456093 818
0.456093 817
0.456093 816
0.456093 815
0.455938 815
0.455865 814
0.455865 813
0.455865 812
0.455865 811
0.455865 810
0.455865 809
0.455865 808
0.455865 807
0.455865 805
0.455753 805
0.455753 804
0.455753 803
0.455619 803
0.455619 802
0.455476 801
0.455476 800
0.455476 799
0.455328 799
0.455328 798
0.45532 797
0.45532 796
0.45532 795
0.45532 794
0.45532 793
0.455282 791
0.455282 790
0.455154 790
0.455006 790
0.455006 789
0.455006 788
0.455006 787
0.454882 787
0.454882 786
0.454882 785
0.454762 783
0.454762 782
0.454762 781
0.454762 780
0.454762 779
0.454762 778
0.454762 777
0.454762 776
0.454642 776
0.454642 775
0.454506 775
0.454506 774
0.454506 773
0.454506 772
0.454436 771
0.454329 771
0.454189 771
0.454189 770
0.454059 770
0.453911 770
0.453911 769
0.453871 768
0.453871 767
0.453871 766
0.453871 765
0.453871 764
0.45372 764
0.45372 762
0.453591 762
0.453542 761
0.453411 761
0.453411 760
0.453272 760
0.453126 760
0.453126 759
0.453126 758
0.453126 757
0.453003 757
0.452862 757
0.452862 756
0.452862 755
0.452862 754
0.452728 754
0.452728 753
0.452728 752
0.452607 752
0.452468 752
0.452468 751
0.452464 750
0.452464 748
0.452351 748
0.452351 747
0.452341 745
0.452211 745
0.452092 745
0.452092 744
0.452092 743
0.452092 742
0.452031 742
0.452031 741
0.451935 740
0.451935 739
0.451935 738
0.451935 737
0.451935 736
0.451927 735
0.451927 734
0.451927 733
0.451927 732
0.451927 731
0.45184 730
0.45184 729
0.451711 729
0.451711 728
0.451711 727
0.451711 726
0.451582 726
0.451582 725
0.451485 725
0.451485 724
0.451485 723
0.451485 722
0.451485 721
0.451344 721
0.451344 720
0.451269 719
0.451139 719
0.451094 718
0.450951 718
0.450951 717
0.450951 716
0.450951 715
0.450951 714
0.450951 713
0.450951 712
0.450827 712
0.450789 711
0.450657 711
0.450657 710
0.450657 709
0.450657 708
0.450657 707
0.450657 706
0.450657 705
0.450526 705
0.450526 704
0.450398 704
0.450398 703
0.450398 702
0.450394 701
0.450269 701
0.450132 701
0.449971 701
0.449829 701
0.449762 700
0.449761 699
0.449635 699
0.449635 698
0.449635 697
0.449635 696
0.449635 695
0.449499 695
0.449499 694
0.449499 693
0.449424 692
0.449291 692
0.449166 692
0.449166 691
0.449166 690
0.449166 689
0.449166 688
0.449166 687
0.449044 687
0.449044 686
0.449044 685
0.448895 685
0.448895 684
0.448895 683
0.448895 682
0.448895 681
0.448895 680
0.448895 679
0.448895 678
0.448777 678
0.448777 677
0.448777 676
0.448777 675
0.448777 674
0.448647 674
0.448513 674
0.448513 673
0.448513 672
0.448513 671
0.448513 670
0.448513 669
0.448378 669
0.448378 668
0.448378 667
0.448247 667
0.448247 666
0.448098 666
0.447984 666
0.447984 665
0.447984 664
0.447865 664
0.447865 663
0.447865 662
0.447865 661
0.44786 660
0.447839 659
0.447839 658
0.447712 658
0.447592 658
0.447468 658
0.447468 657
0.447388 656
0.447388 655
0.447248 655
0.447102 655
0.446955 655
0.446852 655
0.446765 654
0.446765 653
0.446765 652
0.446749 651
0.446749 650
0.446606 650
0.446606 649
0.446606 648
0.446606 647
0.446606 646
0.446606 645
0.4466 644
0.446455 644
0.446329 644
0.446211 644
0.446211 643
0.446092 643
0.445806 643
0.445675 643
0.445587 642
0.445587 641
0.445587 640
0.445587 639
0.445455 639
0.445455 638
0.445315 638
0.445198 638
0.445198 637
0.445141 636
0.445049 635
0.444938 635
0.444938 634
0.444938 633
0.444836 633
0.444836 632
0.444836 631
0.444725 631
0.444581 631
0.444581 630
0.444455 630
0.444453 629
0.444453 628
0.444453 627
0.44432 627
0.444188 627
0.444188 626
0.444188 625
0.444188 624
0.444188 623
0.444188 622
0.444188 621
0.444167 621
0.444128 620
0.444084 619
0.444084 618
0.443989 617
0.443989 616
0.443863 616
0.443863 615
0.443857 614
0.443748 614
0.443748 613
0.443748 612
0.443748 611
0.443747 610
0.443609 610
0.443486 610
0.443486 609
0.443384 609
0.443254 609
0.443127 609
0.443127 608
0.443127 607
0.443127 606
0.443127 605
0.443127 604
0.443008 604
0.443008 603
0.443008 602
0.44288 602
0.44288 601
0.442792 600
0.442792 599
0.442792 598
0.442786 597
0.442786 596
0.442786 595
0.442786 594
0.442786 593
0.442786 592
0.442749 591
0.442603 591
0.442603 590
0.44247 590
0.442323 590
0.442323 588
0.442199 588
0.442199 587
0.442081 587
0.442051 586
0.442051 585
0.442051 584
0.442051 583
0.442051 582
0.441976 581
0.441844 581
0.441844 580
0.441844 579
0.441731 579
0.441731 578
0.441731 577
0.441577 577
0.441577 576
0.441577 575
0.441463 575
0.441304 575
0.441159 575
0.441013 575
0.440999 574
0.440866 574
0.440726 574
0.440597 574
0.440597 573
0.440597 572
0.440597 571
0.440597 570
0.440441 570
0.440441 569
0.440441 568
0.440316 568
0.440316 567
0.440226 566
0.440226 565
0.440082 565
0.440082 564
0.440082 563
0.439971 563
0.439839 563
0.439839 562
0.439839 561
0.439735 561
0.439735 560
0.439735 559
0.439735 558
0.439735 557
0.439735 556
0.439677 556
0.439547 556
0.439442 556
0.439308 556
0.439308 555
0.439308 554
0.439308 553
0.439217 552
0.439089 552
0.439089 551
0.439089 550
0.439089 549
0.438965 549
0.438806 549
0.438806 548
0.438683 548
0.438683 547
0.438541 547
0.438394 547
0.438394 546
0.438394 545
0.438265 545
0.438107 545
0.437984 545
0.437845 545
0.437725 545
0.437591 545
0.437472 545
0.437427 544
0.437427 543
0.437427 542
0.437427 541
0.437427 540
0.437389 539
0.437389 538
0.437261 538
0.437109 538
0.437109 537
0.437018 536
0.437018 535
0.436869 535
0.43675 535
0.43675 534
0.43675 533
0.43663 533
0.436501 533
0.436501 532
0.436501 531
0.436358 531
0.436237 531
0.436103 531
0.435933 531
0.43579 530
0.43579 529
0.435661 529
0.435531 529
0.435518 528
0.435518 527
0.435369 527
0.435369 526
0.435271 526
0.435271 525
0.435271 524
0.435271 522
0.435138 522
0.435135 521
0.435135 520
0.435135 519
0.435012 519
0.435012 518
0.435012 517
0.43488 517
0.434764 517
0.434764 516
0.434659 516
0.434552 516
0.434552 515
0.434409 515
0.434278 515
0.434138 515
0.434005 515
0.433893 515
0.433893 514
0.433759 514
0.433692 513
0.433692 512
0.433538 512
0.433444 511
0.433299 511
0.433157 511
0.433019 511
0.432877 511
0.432736 511
0.432736 510
0.432645 509
0.432645 508
0.432645 507
0.432541 507
0.432451 506
0.432451 505
0.432449 504
0.432337 504
0.432337 503
0.432337 502
0.432188 502
0.432045 502
0.432045 501
0.432045 500
0.431915 500
0.431895 499
0.431895 498
0.431895 497
0.431753 497
0.431753 496
0.431753 495
0.431753 494
0.431624 494
0.431507 494
0.431354 494
0.431354 493
0.431354 492
0.431354 491
0.431216 491
0.431216 490
0.431216 489
0.431076 489
0.430923 489
0.430805 489
0.430659 489
0.430659 488
0.430533 488
0.430389 488
0.430265 488
0.430265 487
0.430265 486
0.430265 485
0.430163 485
0.430163 484
0.43004 484
0.429951 482
0.429951 481
0.429828 481
0.429828 480
0.429689 480
0.429689 479
0.429571 479
0.429571 478
0.429571 477
0.429426 477
0.429426 476
0.429426 475
0.42929 475
0.42929 474
0.429144 474
0.429069 473
0.429069 472
0.429069 471
0.429069 470
0.428945 470
0.428791 470
0.428791 469
0.428791 468
0.428638 468
0.428516 468
0.428422 467
0.428422 466
0.42842 465
0.42829 465
0.42829 464
0.42829 463
0.428152 462
0.428152 461
0.428152 460
0.428152 459
0.428152 458
0.428091 457
0.427978 457
0.427852 457
0.427731 457
0.427731 456
0.427625 456
0.427625 455
0.427625 454
0.427507 454
0.427507 453
0.427415 452
0.427265 452
0.427265 451
0.427265 450
0.427141 450
0.427015 450
0.426881 450
0.426881 449
0.426881 448
0.426763 448
0.426622 448
0.426622 447
0.426622 446
0.426482 446
0.426482 445
0.426335 445
0.42633 444
0.42633 443
0.42633 442
0.42633 441
0.426196 441
0.426196 440
0.426196 439
0.426049 439
0.426049 438
0.426049 437
0.426049 436
0.42591 434
0.42591 433
0.42578 433
0.42578 432
0.42578 431
0.42578 430
0.425778 429
0.425657 429
0.425539 429
0.425378 429
0.425378 428
0.425378 427
0.425378 426
0.42523 426
0.42523 425
0.425104 425
0.424974 425
0.424958 424
0.42481 424
0.42481 423
0.42481 422
0.424719 421
0.424719 420
0.424601 420
0.424601 419
0.424457 418
0.424347 418
0.424217 418
0.424193 417
0.424193 416
0.424193 415
0.424072 415
0.424072 414
0.423919 414
0.423792 414
0.423657 414
0.423498 414
0.423366 414
0.423366 413
0.423241 413
0.423103 413
0.422957 413
0.422824 413
0.422679 413
0.422679 412
0.422561 412
0.42229 412
0.422186 412
0.422186 411
0.422026 411
0.421891 411
0.421827 410
0.421747 409
0.421747 408
0.421603 408
0.42146 408
0.421317 408
0.421176 408
0.421048 408
0.420907 408
0.42077 408
0.42064 408
0.42064 407
0.420525 407
0.420378 407
0.420378 406
0.420283 405
0.420142 405
0.420142 404
0.420023 404
0.419893 404
0.419747 404
0.419614 404
0.419516 404
0.4194 404
0.4194 403
0.4194 402
0.4194 401
0.419267 401
0.419267 400
0.419267 399
0.419119 399
0.419119 398
0.418977 398
0.41869 398
0.418562 398
0.418562 397
0.418562 396
0.41845 396
0.418449 395
0.418339 395
0.418339 394
0.418196 394
0.418196 393
0.418077 393
0.417952 393
0.417818 393
0.417679 393
0.417569 393
0.417488 392
0.417488 390
0.417354 390
0.417232 390
0.417087 390
0.416945 390
0.416783 390
0.416667 390
0.41655 390
0.416416 390
0.416416 389
0.416304 389
0.416161 389
0.416022 389
0.416022 388
0.415908 388
0.415768 388
0.415624 388
0.415624 387
0.415624 386
0.415624 384
0.415475 384
0.415475 383
0.415475 382
0.415328 382
0.415205 382
0.415053 382
0.414913 382
0.414913 381
0.414913 380
0.414808 380
0.414676 380
0.414556 380
0.414411 380
0.41428 380
0.414157 380
0.414157 379
0.414157 378
0.414018 378
0.414018 377
0.414018 376
0.413868 376
0.413868 375
0.41375 375
0.41363 375
0.41363 374
0.41363 373
0.41363 372
0.41363 371
0.41363 370
0.413558 369
0.413499 368
0.41339 368
0.413241 368
0.413094 368
0.413094 367
0.412947 367
0.4128 367
0.412674 367
0.412539 367
0.412539 366
0.412539 365
0.412427 365
0.412331 364
0.412331 363
0.412331 362
0.412254 361
0.412254 360
0.412247 359
0.412143 359
0.412143 358
0.411999 358
0.411849 358
0.41175 358
0.411607 358
0.411607 357
0.411451 357
0.411315 357
0.411204 357
0.411204 356
0.411204 355
0.411204 354
0.411204 353
0.411204 352
0.411096 352
0.410963 352
0.410963 351
0.410812 351
0.410812 350
0.410691 350
0.410546 350
0.410427 350
0.410306 350
0.410204 350
0.410107 350
0.410107 349
0.410003 349
0.410003 348
0.409848 348
0.409745 348
0.40963 348
0.409477 348
0.409477 347
0.409337 347
0.409229 347
0.409229 346
0.40912 346
0.40912 345
0.409001 345
0.40888 345
0.40888 344
0.408793 343
0.408652 343
0.408529 343
0.408394 343
0.408254 343
0.408254 342
0.408156 342
0.408156 341
0.408152 340
0.408152 339
0.408152 338
0.408076 337
0.407969 337
0.407709 337
0.407553 337
0.407403 337
0.40736 336
0.40736 335
0.407354 334
0.407354 333
0.407354 332
0.407209 332
0.407067 331
0.406913 331
0.406913 330
0.406913 329
0.406794 329
0.406794 328
0.406794 327
0.406659 327
0.406509 327
0.406509 326
0.406362 326
0.406362 325
0.406354 323
0.406213 323
0.40607 323
0.405919 323
0.405919 322
0.405799 322
0.405664 322
0.405534 322
0.405399 322
0.405262 322
0.405262 321
0.405121 321
0.40502 320
0.404874 320
0.404735 320
0.404599 320
0.404504 319
0.404504 318
0.404356 318
0.404248 318
0.404133 318
0.404096 317
0.403949 317
0.403804 317
0.403585 317
0.403504 316
0.403504 315
0.403504 314
0.40339 314
0.403254 314
0.403117 314
0.403117 313
0.403117 312
0.402981 312
0.402981 311
0.402981 310
0.402822 309
0.402822 308
0.40268 308
0.40268 307
0.402524 307
0.402524 306
0.402384 306
0.40226 306
0.40212 306
0.401996 306
0.401996 305
0.401996 304
0.401859 304
0.401859 303
0.401859 302
0.401705 302
0.401683 301
0.401541 301
0.401541 300
0.401404 300
0.401404 299
0.401282 299
0.401282 298
0.401143 298
0.401026 298
0.401026 297
0.401026 296
0.401026 295
0.401026 294
0.400916 294
0.40076 294
0.400622 294
0.400595 293
0.400513 292
0.400355 292
0.400355 291
0.400216 291
0.400087 291
0.399963 291
0.399827 291
0.399699 291
0.399587 291
0.399452 291
0.399325 291
0.399187 291
0.399187 290
0.399156 289
0.399009 289
0.399009 288
0.398861 288
0.398717 288
0.398717 287
0.398717 286
0.398717 285
0.398717 284
0.398717 283
0.398593 283
0.398593 282
0.398453 282
0.398453 281
0.39833 281
0.398192 281
0.398192 280
0.398104 279
0.397968 279
0.397968 278
0.397968 277
0.397837 277
0.397837 276
0.397696 276
0.397693 275
0.397693 274
0.397693 273
0.397693 272
0.397563 272
0.397434 272
0.397434 271
0.397296 271
0.39722 270
0.397087 270
0.39693 270
0.396796 270
0.396647 270
0.396504 270
0.396504 269
0.396364 269
0.396237 269
0.396091 269
0.395955 269
0.395824 269
0.395703 269
0.395586 269
0.395456 269
0.395456 268
0.395335 268
0.395192 268
0.395049 268
0.395049 267
0.39492 267
0.394772 267
0.394653 267
0.394653 266
0.394495 266
0.39435 266
0.394201 266
0.394201 265
0.394201 264
0.39407 264
0.39407 263
0.393912 263
0.39379 263
0.393652 263
0.393545 263
0.393408 263
0.393283 263
0.393154 263
0.393154 262
0.393021 262
0.393021 261
0.39288 261
0.39288 260
0.392749 260
0.392603 260
0.392603 259
0.392469 259
0.392469 258
0.392335 258
0.392223 258
0.392128 257
0.392128 256
0.392 256
0.39186 256
0.391731 256
0.391606 256
0.391606 255
0.391606 254
0.391606 253
0.391536 252
0.391423 252
0.391423 251
0.391288 251
0.391288 250
0.391165 250
0.391151 249
0.391151 248
0.391016 248
0.390883 248
0.390883 247
0.390784 247
0.390658 247
0.390658 246
0.390658 245
0.390521 245
0.390369 245
0.390369 244
0.390369 243
0.390277 242
0.390277 241
0.390173 241
0.390057 241
0.389907 241
0.389775 241
0.389648 241
0.389526 241
0.389418 241
0.389418 240
0.389287 240
0.389162 240
0.389162 239
0.389162 238
0.389062 238
0.389036 237
0.389022 236
0.389022 235
0.388872 235
0.388745 235
0.388612 235
0.388612 234
0.388468 234
0.38836 234
0.388262 234
0.388123 234
0.388023 234
0.387891 234
0.387766 234
0.387611 234
0.387483 234
0.387202 234
0.38707 234
0.387 233
0.386853 233
0.386717 233
0.386572 233
0.386442 233
0.386318 233
0.386198 233
0.386064 233
0.385908 233
0.385778 233
0.385651 233
0.385524 233
0.385423 233
0.385278 233
0.385278 232
0.385278 231
0.385133 231
0.385013 231
0.384879 231
0.384734 231
0.384734 230
0.384618 230
0.384474 230
0.384474 229
0.384474 228
0.384474 227
0.384465 226
0.384465 225
0.384323 225
0.384306 224
0.384201 224
0.384105 223
0.38402 222
0.38402 221
0.383881 221
0.383802 220
0.38367 220
0.383566 220
0.383566 219
0.383566 218
0.383422 218
0.383301 218
0.383172 218
0.383035 218
0.383035 217
0.382906 217
0.382773 217
0.382773 216
0.382704 215
0.382704 214
0.382692 213
0.382561 213
0.382416 213
0.382416 212
0.382416 211
0.382416 210
0.382275 210
0.382275 209
0.382275 208
0.382275 207
0.382275 206
0.382255 205
0.382255 204
0.382128 204
0.382028 204
0.381897 203
0.3818 203
0.381668 203
0.381668 202
0.38154 202
0.381411 202
0.381253 202
0.381125 202
0.380999 202
0.38085 202
0.380738 202
0.380613 202
0.38046 202
0.380342 202
0.380202 202
0.380072 202
0.379938 202
0.379794 202
0.379664 202
0.379664 201
0.37953 201
0.379418 201
0.379418 200
0.379418 199
0.379418 198
0.379284 198
0.379284 197
0.379134 197
0.378979 197
0.378979 196
0.37885 196
0.378746 196
0.378624 196
0.378466 196
0.378466 195
0.378334 195
0.378201 195
0.378057 195
0.377957 195
0.377824 195
0.377707 195
0.377569 195
0.377459 195
0.377351 195
0.377214 195
0.377214 194
0.377214 193
0.377097 193
0.376954 193
0.37681 193
0.376677 193
0.376536 193
0.376391 192
0.376254 192
0.376137 192
0.376002 192
0.375912 191
0.375786 191
0.375665 191
0.375505 191
0.375371 191
0.375264 191
0.375264 190
0.375129 190
0.374978 190
0.374835 190
0.374693 190
0.374693 189
0.374557 189
0.374557 188
0.374459 188
0.374459 187
0.374459 186
0.374343 186
0.374224 186
0.374081 186
0.373962 186
0.373962 185
0.373812 185
0.373522 185
0.373522 184
0.373384 184
0.373257 184
0.373167 183
0.373167 182
0.373036 182
0.372907 182
0.372783 182
0.372659 182
0.372659 181
0.372659 180
0.372517 180
0.37243 179
0.37243 178
0.37228 178
0.37228 177
0.37214 177
0.372036 177
0.372036 176
0.37189 176
0.37189 175
0.37189 174
0.37175 174
0.371622 174
0.371508 174
0.371508 173
0.371381 173
0.371244 173
0.371104 173
0.370962 173
0.370962 172
0.370878 171
0.370878 170
0.370722 170
0.370722 169
0.370722 168
0.370576 168
0.370576 166
0.370447 166
0.370317 166
0.370166 166
0.370049 166
0.369906 166
0.369781 166
0.36963 166
0.36948 166
0.369339 166
0.369204 166
0.369074 166
0.368934 166
0.368934 165
0.368794 165
0.368657 165
0.368515 165
0.368437 164
0.368437 163
0.368299 163
0.368163 163
0.368035 163
0.3679 162
0.367764 162
0.367641 162
0.367494 162
0.367345 162
0.367227 161
0.36708 161
0.366944 161
0.366807 161
0.366707 161
0.366548 161
0.366413 161
0.366307 161
0.366152 161
0.366013 161
0.365878 161
0.365753 161
0.365753 160
0.365612 160
0.365466 160
0.365466 159
0.365345 159
0.365345 158
0.365193 158
0.365072 158
0.364934 158
0.364797 158
0.364788 157
0.364655 157
0.364516 157
0.364377 157
0.364236 157
0.364236 156
0.364114 156
0.364114 155
0.36397 155
0.363945 154
0.363843 154
0.363843 153
0.363699 153
0.363564 153
0.363446 153
0.363446 152
0.363315 152
0.363315 151
0.36318 151
0.363084 150
0.363084 149
0.363083 148
0.36295 148
0.36295 147
0.362802 147
0.362802 146
0.362665 146
0.362552 146
0.362465 145
0.362309 145
0.362163 145
0.362022 145
0.36202 144
0.36195 143
0.361806 143
0.36172 142
0.36172 141
0.361611 141
0.361477 141
0.361359 141
0.361254 141
0.361254 140
0.361132 140
0.360989 140
0.360852 140
0.360718 140
0.360718 139
0.360718 138
0.360619 138
0.360619 137
0.360479 137
0.360323 137
0.360199 137
0.360053 137
0.359928 137
0.359789 137
0.359663 137
0.359663 136
0.359663 135
0.359582 134
0.359431 134
0.359295 134
0.359151 134
0.359034 134
0.358909 134
0.358909 133
0.358765 133
0.358765 132
0.358653 132
0.358524 132
0.358524 131
0.358522 130
0.358407 130
0.358273 130
0.358141 129
0.358013 129
0.357896 129
0.357746 129
0.357644 129
0.357644 128
0.357498 128
0.357352 128
0.357352 127
0.357352 126
0.357224 126
0.357099 126
0.357021 125
0.356879 125
0.356757 125
0.356617 125
0.356479 125
0.356334 125
0.356176 125
0.356044 125
0.356044 124
0.355916 124
0.355916 123
0.355775 123
0.355628 123
0.35548 123
0.355344 123
0.355198 123
0.355074 123
0.354943 123
0.354943 122
0.354822 122
0.35468 122
0.35455 122
0.354429 122
0.354332 122
0.354184 122
0.354059 122
0.353915 122
0.353771 122
0.353656 122
0.353511 122
0.353365 122
0.353225 122
0.353118 122
0.353118 121
0.352998 121
0.352866 121
0.352725 121
0.352608 121
0.352471 121
0.352363 121
0.352363 120
0.352363 119
0.352211 119
0.352074 119
0.351781 119
0.351643 119
0.351523 119
0.351369 119
0.351233 119
0.351148 118
0.351032 118
0.350911 118
0.35089 117
0.350763 117
0.350627 117
0.35049 117
0.350342 117
0.350233 117
0.35014 116
0.350005 116
0.349738 116
0.349621 116
0.349621 115
0.349492 115
0.349363 115
0.349363 114
0.349218 114
0.349098 114
0.348971 114
0.348971 113
0.348844 113
0.348732 113
0.348575 113
0.348575 112
0.348575 111
0.348471 111
0.348471 110
0.348471 109
0.348316 109
0.348182 109
0.348099 108
0.347978 108
0.347829 108
0.347675 108
0.347675 107
0.34756 107
0.34756 106
0.347414 106
0.347277 106
0.34714 106
0.346997 106
0.346862 106
0.346736 106
0.346619 106
0.346488 106
0.34634 106
0.346209 106
0.346209 105
0.346209 104
0.346065 104
0.345915 104
0.345774 104
0.345774 103
0.345661 103
0.345522 103
0.345402 103
0.345402 102
0.345255 102
0.34511 102
0.344982 102
0.344982 101
0.344839 101
0.344752 100
0.344607 100
0.344484 100
0.344342 100
0.344234 100
0.344097 100
0.343948 100
0.343805 100
0.343653 100
0.343513 100
0.343372 100
0.343221 100
0.343079 100
0.342944 100
0.342813 100
0.342691 100
0.342551 100
0.342417 100
0.342417 99
0.34228 99
0.342157 99
0.342018 99
0.341861 99
0.341709 99
0.341558 99
0.341418 99
0.341418 98
0.341302 98
0.34116 98
0.341056 98
0.340898 98
0.340746 98
0.340512 98
0.340379 98
0.340265 98
0.340131 98
0.339991 98
0.339875 98
0.339731 98
0.339584 98
0.339449 98
0.339301 98
0.339177 98
0.339177 97
0.33904 97
0.33904 96
0.33904 95
0.33904 94
0.338892 94
0.338748 94
0.338614 94
0.338473 94
0.338473 93
0.338344 93
0.338344 92
0.338207 92
0.338061 92
0.337903 92
0.337779 92
0.337627 92
0.337483 92
0.337347 92
0.337265 91
0.337135 91
0.337003 91
0.336864 91
0.336751 91
0.336609 91
0.336469 91
0.336326 91
0.336198 91
0.336043 91
0.336043 90
0.335919 90
0.335785 90
0.335785 89
0.335637 89
0.335481 89
0.335346 89
0.335346 88
0.335201 88
0.335076 88
0.334958 88
0.334846 88
0.334695 88
0.334558 88
0.334558 87
0.334558 86
0.334419 86
0.334318 86
0.334192 86
0.334053 86
0.333907 86
0.333884 86
0.333743 86
0.333743 85
0.333614 85
0.333605 84
0.333468 84
0.333338 84
0.33319 84
0.33319 83
0.333036 83
0.332901 83
0.332901 82
0.332799 82
0.332668 82
0.332535 82
0.332535 81
0.332407 81
0.332267 81
0.33216 81
0.332038 81
0.331907 81
0.331786 81
0.331642 81
0.331507 81
0.331368 81
0.331214 81
0.331098 81
0.330954 81
0.330804 81
0.330672 81
0.330526 81
0.330383 81
0.330267 81
0.330267 80
0.330119 80
0.329976 80
0.329829 80
0.329829 79
0.32968 79
0.329529 79
0.329401 79
0.329265 79
0.329111 79
0.328981 79
0.328846 79
0.328695 79
0.328556 79
0.328556 78
0.328459 77
0.328363 77
0.328363 76
0.328233 76
0.328097 76
0.327975 76
0.327975 75
0.327818 75
0.327665 75
0.327518 75
0.327378 75
0.327271 75
0.327125 75
0.326972 75
0.326816 75
0.326705 75
0.326548 75
0.326418 75
0.326286 75
0.326156 75
0.326 75
0.325876 75
0.325741 75
0.325632 75
0.325482 75
0.325347 75
0.325194 75
0.325072 75
0.32493 75
0.324821 75
0.32467 75
0.324544 75
0.324419 75
0.324282 75
0.324133 75
0.324133 74
0.323978 74
0.323844 74
0.323717 74
0.323595 74
0.323445 74
0.323327 74
0.323327 73
0.323182 73
0.323182 72
0.323038 72
0.322975 71
0.322975 70
0.322712 70
0.322579 70
0.32245 70
0.322313 70
0.322188 70
0.322188 69
0.322045 69
0.3219 69
0.321778 69
0.321778 68
0.321632 68
0.321524 68
0.321401 68
0.321268 68
0.321131 68
0.320983 68
0.320844 68
0.320844 67
0.320717 67
0.320586 67
0.320458 67
0.32032 67
0.320228 66
0.320103 66
0.319976 66
0.319848 66
0.319848 65
0.319848 64
0.319848 63
0.319709 63
0.319582 63
0.319438 63
0.319292 63
0.319152 63
0.319018 63
0.318873 63
0.318724 63
0.318724 62
0.318604 62
0.318465 62
0.318331 62
0.318204 62
0.318064 62
0.317932 62
0.317812 62
0.317524 62
0.317414 62
0.317259 62
0.317111 62
0.317111 61
0.316965 61
0.316832 61
0.316675 61
0.316392 61
0.31626 61
0.316129 61
0.316129 60
0.316129 59
0.316021 59
0.315743 59
0.315638 59
0.31549 59
0.315364 59
0.315219 59
0.315082 59
0.314945 59
0.314819 59
0.314688 59
0.314544 59
0.314403 59
0.314263 59
0.314263 58
0.314155 58
0.314029 58
0.313935 57
0.313793 57
0.313647 57
0.313497 57
0.313399 57
0.313248 57
0.313248 56
0.3131 56
0.312958 56
0.312818 56
0.312707 56
0.312594 56
0.312476 56
0.312322 56
0.312191 56
0.312191 55
0.312044 55
0.311925 55
0.311768 55
0.311625 55
0.311482 55
0.311369 55
0.311231 55
0.311085 55
0.311039 54
0.310794 54
0.310658 54
0.310504 54
0.310355 54
0.310225 54
0.310225 53
0.310086 53
0.30996 53
0.309833 53
0.309678 53
0.309531 53
0.309403 53
0.309271 53
0.309147 53
0.309044 53
0.309044 52
0.308904 52
0.308791 52
0.308669 52
0.308669 51
0.308558 51
0.308413 51
0.308299 51
0.30819 51
0.308189 50
0.308048 50
0.307903 50
0.307777 50
0.307777 49
0.307645 49
0.307545 49
0.307419 49
0.307268 49
0.307122 49
0.306994 49
0.306994 48
0.306908 47
0.306798 47
0.30665 47
0.3065 47
0.306368 47
0.306303 46
0.306172 46
0.306026 46
0.305893 46
0.305764 46
0.305629 46
0.305511 46
0.305367 46
0.305367 45
0.305213 45
0.305102 45
0.304985 45
0.304834 45
0.304743 44
0.304598 44
0.304455 44
0.304314 44
0.304189 44
0.304044 44
0.303902 44
0.303762 44
0.303619 44
0.303488 44
0.303357 44
0.30324 44
0.30311 44
0.30297 44
0.302841 44
0.302841 43
0.302694 43
0.30257 43
0.302436 43
0.302298 43
0.302154 43
0.302154 42
0.302031 42
0.301904 42
0.301779 42
0.301643 42
0.301513 42
0.301357 42
0.301203 42
0.301061 42
0.300914 42
0.300811 42
0.300811 41
0.300667 41
0.300546 41
0.30041 41
0.300294 41
0.300294 40
0.300164 40
0.30005 40
0.299934 40
0.299795 40
0.299655 40
0.299541 40
0.299399 40
0.299277 40
0.29916 40
0.299064 39
0.298945 39
0.298945 38
0.29881 38
0.29881 37
0.298668 37
0.298555 37
0.298555 36
0.298424 36
0.298279 36
0.298148 36
0.298023 36
0.297889 36
0.29774 36
0.297615 36
0.297474 36
0.297338 36
0.297186 36
0.29706 36
0.296929 36
0.29678 36
0.296636 36
0.296505 36
0.296369 36
0.296239 36
0.296239 35
0.296125 35
0.296001 35
0.295862 35
0.29573 35
0.295595 35
0.295469 35
0.29532 35
0.295174 35
0.295033 35
0.294897 35
0.294771 35
0.294628 35
0.294628 34
0.294479 34
0.29433 34
0.294195 34
0.294049 34
0.294049 33
0.293899 33
0.293762 33
0.293617 33
0.293501 33
0.293374 33
0.293221 33
0.293079 33
0.292938 33
0.29279 33
0.292522 33
0.292375 33
0.292249 33
0.292103 33
0.292004 33
0.291887 33
0.291737 33
0.29159 33
0.291465 33
0.291339 33
0.291187 33
0.291057 33
0.290941 33
0.290805 33
0.29065 33
0.290505 33
0.290359 33
0.290274 32
0.290146 32
0.290009 32
0.289868 32
0.289718 32
0.289595 32
0.289494 32
0.289345 32
0.289212 32
0.289057 32
0.288913 32
0.288769 32
0.288637 32
0.288488 32
0.288356 32
0.288205 32
0.288061 32
0.287909 32
0.287776 32
0.287642 32
0.287488 32
0.287337 32
0.287231 32
0.287092 32
0.286979 32
0.286855 32
0.286745 32
0.286587 32
0.286448 32
0.286302 32
0.286148 32
0.285995 32
0.285872 32
0.285754 32
0.285605 32
0.285458 32
0.28531 32
0.285161 32
0.285054 32
0.284941 32
0.28486 31
0.284729 31
0.284604 31
0.284494 31
0.284344 31
0.284215 31
0.284087 31
0.28394 31
0.283809 31
0.28367 31
0.283532 31
0.283388 31
0.283267 31
0.283156 31
0.283024 31
0.282901 31
0.282762 31
0.282618 31
0.282618 30
0.282471 30
0.282337 30
0.282216 30
0.282069 30
0.281934 30
0.281779 30
0.281651 30
0.281492 30
0.281368 30
0.281238 30
0.281126 30
0.280995 30
0.2809 29
0.280765 29
0.280638 29
0.280499 29
0.280341 29
0.280218 29
0.280101 29
0.279956 29
0.279696 29
0.279566 29
0.279446 29
0.279299 29
0.279166 29
0.279026 29
0.278869 29
0.27875 29
0.278634 29
0.278501 29
0.278383 29
0.278249 29
0.278095 29
0.277944 29
0.277834 29
0.277681 29
0.277552 29
0.27742 29
0.277297 29
0.277158 29
0.277054 29
0.276916 29
0.276793 29
0.276665 29
0.276665 28
0.276566 28
0.276438 28
0.276345 27
0.276207 27
0.276065 27
0.275926 27
0.275787 27
0.275642 27
0.275491 27
0.275491 26
0.275348 26
0.275196 26
0.275072 26
0.27493 26
0.274798 26
0.274664 26
0.274514 26
0.274377 26
0.274233 26
0.274109 26
0.273988 26
0.273838 26
0.273712 26
0.273574 26
0.273435 26
0.273298 26
0.273169 26
0.273036 26
0.272917 26
0.272787 26
0.27265 26
0.272499 26
0.272393 26
0.272262 26
0.272116 26
0.271982 26
0.27186 26
0.271737 26
0.271611 26
0.271484 26
0.271484 25
0.271351 25
0.271219 25
0.271077 25
0.270951 25
0.270951 24
0.270815 24
0.270678 24
0.270539 24
0.270396 24
0.27025 24
0.27025 23
0.270107 23
0.269954 23
0.269842 23
0.269691 23
0.269579 23
0.269434 23
0.269331 23
0.2692 23
0.26906 23
0.268928 23
0.268928 22
0.268778 22
0.268652 22
0.268524 22
0.268382 22
0.26825 22
0.268097 22
0.267968 22
0.267838 22
0.267726 22
0.267583 22
0.267474 22
0.267324 22
0.267076 22
0.266967 22
0.266817 22
0.266689 22
0.26654 22
0.266399 22
0.266287 22
0.266158 22
0.266019 22
0.265876 22
0.265734 22
0.265599 22
0.265446 22
0.265315 22
0.265167 22
0.26502 22
0.264878 22
0.264752 22
0.264597 22
0.264472 22
0.264315 22
0.264177 22
0.26406 22
0.263934 22
0.263802 22
0.263691 22
0.263545 22
0.263415 22
0.263298 22
0.263168 22
0.26302 22
0.262907 22
0.262777 22
0.262642 22
0.262499 22
0.26235 22
0.262196 22
0.262062 22
0.26191 22
0.261769 22
0.261627 22
0.261483 22
0.261336 22
0.261213 22
0.261087 22
0.260947 22
0.2608 22
0.260797 21
0.260683 21
0.260549 21
0.260421 21
0.260283 21
0.260281 20
0.260128 20
0.260005 20
0.259876 20
0.259729 20
0.259596 20
0.259487 20
0.259478 19
0.259321 19
0.259321 18
0.25919 18
0.259072 18
0.258954 18
0.258813 18
0.258668 18
0.258541 18
0.258396 18
0.258243 18
0.258108 18
0.257977 18
0.257837 18
0.257588 18
0.257458 18
0.257316 18
0.257161 18
0.257017 18
0.256879 18
0.256734 18
0.256586 18
0.256433 18
0.25629 18
0.256148 18
0.256015 18
0.25587 18
0.25587 17
0.255727 17
0.255585 17
0.255469 17
0.255353 17
0.25522 17
0.255096 17
0.254854 17
0.254726 17
0.254578 17
0.254442 17
0.254303 17
0.254146 17
0.254042 17
0.253903 17
0.253903 16
0.253753 16
0.253612 16
0.253479 16
0.253368 16
0.253211 16
0.253061 16
0.252913 16
0.252766 16
0.252612 16
0.252481 16
0.252337 16
0.2522 16
0.252066 16
0.252066 15
0.251933 15
0.251808 15
0.251651 15
0.251506 15
0.251367 15
0.251243 15
0.251093 15
0.251093 14
0.250937 14
0.250801 14
0.250692 14
0.250554 14
0.250421 14
0.250305 14
0.25017 14
0.250025 14
0.249888 14
0.249756 14
0.249618 14
0.249482 14
0.249341 14
0.249198 14
0.249061 14
0.248908 14
0.24877 14
0.248611 14
0.24846 14
0.248317 14
0.248196 14
0.248079 14
0.247926 14
0.247786 14
0.24765 14
0.247526 14
0.24739 14
0.247251 14
0.247104 14
0.246987 14
0.246853 14
0.246711 14
0.246563 14
0.24642 14
0.246278 14
0.246145 14
0.246005 14
0.245872 14
0.245724 14
0.24559 14
0.245461 14
0.245327 14
0.245183 14
0.245037 14
0.244903 14
0.244749 14
0.244595 14
0.244469 14
0.244319 14
0.244165 14
0.244015 14
0.243868 14
0.243719 14
0.243598 14
0.243454 14
0.243324 14
0.243187 14
0.24306 14
0.242933 14
0.242811 14
0.242811 13
0.242671 13
0.242546 13
0.242402 13
0.242258 13
0.242125 13
0.24198 13
0.24185 13
0.241713 13
0.24158 13
0.24144 13
0.241298 13
0.24117 13
0.241039 13
0.240914 13
0.240782 13
0.240649 13
0.240522 13
0.240393 13
0.240254 13
0.240113 13
0.239984 13
0.239846 13
0.239727 13
0.239612 13
0.239473 13
0.239338 13
0.239208 13
0.239093 13
0.238936 13
0.238822 13
0.238672 13
0.23852 13
0.238395 13
0.238253 13
0.238112 13
0.238112 12
0.237967 12
0.237812 12
0.237674 12
0.237515 12
0.237358 12
0.23724 12
0.237094 12
0.236959 12
0.236814 12
0.236668 12
0.236518 12
0.236365 12
0.236243 12
0.236101 12
0.235964 12
0.235847 12
0.235701 12
0.235577 12
0.235577 11
0.235446 11
0.235319 11
0.235188 11
0.235083 11
0.234947 11
0.234832 11
0.234731 11
0.234618 11
0.234462 11
0.234323 11
0.234173 11
0.23403 11
0.233907 11
0.233766 11
0.23348 11
0.233337 11
0.233336 10
0.233194 9
0.233068 9
0.232931 9
0.232818 9
0.232666 9
0.232555 9
0.232415 9
0.232266 9
0.232126 9
0.231979 9
0.231835 9
0.231689 9
0.231538 9
0.231427 9
0.231329 9
0.231199 9
0.231069 9
0.230934 9
0.230796 9
0.230672 9
0.230543 9
0.230441 9
0.230332 9
0.230191 9
0.230057 9
0.229916 9
0.229781 9
0.229637 9
0.229488 9
0.229362 9
0.229244 9
0.229116 9
0.228995 9
0.228846 9
0.228696 9
0.228583 9
0.228429 9
0.228283 9
0.228141 9
0.228003 9
0.227864 9
0.227723 9
0.227723 8
0.227588 8
0.227463 8
0.227318 8
0.227201 8
0.22707 8
0.226921 8
0.226778 8
0.226634 8
0.226534 8
0.226391 8
0.226253 8
0.226114 8
0.225967 8
0.225821 8
0.225685 8
0.225559 8
0.225432 8
0.225282 8
0.225143 8
0.225004 8
0.224868 8
0.224739 8
0.224739 7
0.224605 7
0.224467 7
0.224336 7
0.22419 7
0.224036 7
0.223899 7
0.223759 7
0.223654 7
0.22351 7
0.223364 7
0.223235 7
0.223084 7
0.222938 7
0.222798 7
0.222653 7
0.222536 7
0.222384 7
0.222259 7
0.222129 7
0.222008 7
0.221893 7
0.221757 7
0.221607 7
0.22146 7
0.221323 7
0.221202 7
0.220935 7
0.220788 7
0.220768 6
0.220632 6
0.220478 6
0.220326 6
0.220198 6
0.220063 6
0.219925 6
0.219779 6
0.219652 6
0.219507 6
0.21935 6
0.219232 6
0.219103 6
0.218977 6
0.218836 6
0.218696 6
0.218562 6
0.21845 6
0.218296 6
0.218155 6
0.218009 6
0.21789 6
0.217755 6
0.217611 6
0.217477 6
0.217329 6
0.217186 6
0.217049 6
0.21695 6
0.216809 6
0.216528 6
0.216395 6
0.216248 6
0.21609 6
0.21595 6
0.21581 6
0.215681 6
0.215533 6
0.215379 6
0.215264 6
0.215117 6
0.21498 6
0.214831 6
0.21468 6
0.214546 6
0.214394 6
0.21427 6
0.214129 6
0.213993 6
0.213839 6
0.213735 6
0.213599 6
0.213452 6
0.213358 5
0.213241 5
0.213107 5
0.212982 5
0.212862 5
0.212737 5
0.212586 5
0.21245 5
0.212324 5
0.212219 5
0.212089 5
0.211951 5
0.211823 5
0.211668 5
0.211527 5
0.211398 5
0.211246 5
0.211135 5
0.211024 5
0.210889 5
0.210738 5
0.210591 5
0.210443 5
0.210291 5
0.210143 5
0.210004 5
0.209896 5
0.209765 5
0.20965 5
0.209513 5
0.209371 5
0.209218 5
0.209073 5
0.20893 5
0.208797 5
0.208676 5
0.208538 5
0.208431 5
0.208278 5
0.20801 5
0.207871 5
0.207716 5
0.207605 5
0.207476 5
0.207333 5
0.207187 5
0.20708 5
0.206935 5
0.2068 5
0.20669 5
0.206579 5
0.206437 5
0.206282 5
0.206168 5
0.206044 5
0.2059 5
0.205758 5
0.205625 5
0.205499 5
0.20536 5
0.205237 5
0.2051 5
0.204951 5
0.20481 5
0.204676 5
0.204522 5
0.20438 5
0.204236 5
0.204092 5
0.203948 5
0.203803 5
0.203672 5
0.203525 5
0.203378 5
0.203261 5
0.203127 5
0.202991 5
0.202849 5
0.202703 5
0.202567 5
0.202443 5
0.202302 5
0.202153 5
0.202011 5
0.201893 5
0.201775 5
0.201629 5
0.2015 5
0.201384 5
0.201248 5
0.201113 5
0.20097 5
0.200825 5
0.200696 5
0.200553 5
0.200413 5
0.200268 5
0.200119 5
0.19999 5
0.199847 5
0.199691 5
0.199558 5
0.199416 5
0.199294 5
0.199148 5
0.199003 5
0.198863 5
0.19871 5
0.198588 5
0.198475 5
0.198335 5
0.198217 5
0.1981 5
0.197962 5
0.197816 5
0.197661 5
0.197522 5
0.197381 5
0.197232 5
0.197117 5
0.19696 5
0.196822 5
0.1967 5
0.19657 5
0.196287 5
0.196163 5
0.196028 5
0.195904 5
0.195754 5
0.19561 5
0.195457 5
0.195316 5
0.195166 5
0.195028 5
0.194894 5
0.194759 5
0.194623 5
0.194465 5
0.19432 5
0.194188 5
0.194076 5
0.19394 5
0.193801 5
0.193661 5
0.193522 5
0.193402 5
0.193252 5
0.192971 5
0.192821 5
0.192674 5
0.192542 5
0.192416 5
0.192268 5
0.192114 5
0.191973 5
0.191835 5
0.191687 5
0.191541 5
0.191389 5
0.191258 5
0.191115 5
0.190994 5
0.190862 5
0.190714 5
0.190588 5
0.190439 5
0.190296 5
0.190163 5
0.190037 5
0.189928 5
0.189775 5
0.189667 5
0.189544 5
0.189396 5
0.189259 5
0.18913 5
0.188974 5
0.188841 5
0.188691 5
0.188549 5
0.188403 5
0.188245 5
0.188124 5
0.187979 5
0.187831 5
0.187699 5
0.187575 5
0.18743 5
0.187284 5
0.187154 5
0.186997 5
0.186848 5
0.186704 5
0.18657 5
0.186431 5
0.186291 5
0.186157 5
0.185901 5
0.185771 5
0.185631 5
0.185493 5
0.185343 5
0.185343 4
0.185201 4
0.185054 4
0.18491 4
0.184763 4
0.184635 4
0.184512 4
0.184248 4
0.184108 4
0.18396 4
0.183818 4
0.183679 4
0.183525 4
0.18339 4
0.183253 4
0.183117 4
0.182844 4
0.182695 4
0.182543 4
0.182396 4
0.182247 4
0.18212 4
0.181985 4
0.181849 4
0.181725 4
0.181593 4
0.181441 4
0.181321 4
0.181187 4
0.181033 4
0.180902 4
0.180783 4
0.180639 4
0.180503 4
0.180383 4
0.18024 4
0.18011 4
0.179962 4
0.179842 4
0.179765 3
0.179618 3
0.179495 3
0.179366 3
0.179211 3
0.179077 3
0.179077 2
0.178928 2
0.178792 2
0.178643 2
0.178503 2
0.178359 2
0.178218 2
0.178077 2
0.17794 2
0.177804 2
0.177659 2
0.177516 2
0.177369 2
0.177258 2
0.177123 2
0.176995 2
0.17685 2
0.176715 2
0.176572 2
0.176437 2
0.176296 2
0.176147 2
0.176002 2
0.175853 2
0.17571 2
0.175551 2
0.175403 2
0.175254 2
0.175109 2
0.174968 2
0.17482 2
0.174676 2
0.17455 2
0.174402 2
0.174267 2
0.174128 2
0.173985 2
0.173843 2
0.173727 2
0.17359 2
0.173478 2
0.17334 2
0.1732 2
0.173076 2
0.172936 2
0.172815 2
0.172667 2
0.172526 2
0.172372 2
0.172237 2
0.172083 2
0.171839 2
0.1717 2
0.171556 2
0.171409 2
0.17127 2
0.171127 2
0.170981 2
0.170848 2
0.170696 2
0.170539 2
0.170401 2
0.170259 2
0.170111 2
0.169975 2
0.169834 2
0.169693 2
0.169543 2
0.169414 2
0.169272 2
0.169129 2
0.168987 2
0.168833 2
0.168693 2
0.168545 2
0.168415 2
0.168267 2
0.168144 2
0.167988 2
0.167888 2
0.167745 2
0.167625 2
0.167502 2
0.167355 2
0.1672 2
0.167056 2
0.166902 2
0.166746 2
0.1666 2
0.166481 2
0.166349 2
0.166222 2
0.16608 2
0.165951 2
0.165797 2
0.165663 2
0.165514 2
0.165365 2
0.165226 2
0.16508 2
0.164939 2
0.164792 2
0.164643 2
0.164521 2
0.164375 2
0.164228 2
0.164088 2
0.163975 2
0.163829 2
0.163688 2
0.163566 2
0.163429 2
0.163287 2
0.16316 2
0.163025 2
0.162882 2
0.162745 2
0.162609 2
0.162457 2
0.162327 2
0.162199 2
0.162051 2
0.161917 2
0.161785 2
0.161635 2
0.161501 2
0.161363 2
0.161236 2
0.161075 2
0.16094 2
0.160796 2
0.160649 2
0.160498 2
0.160354 2
0.160209 2
0.160074 2
0.159922 2
0.159772 2
0.159629 2
0.159479 2
0.159343 2
0.159234 2
0.15912 2
0.158965 2
0.15883 2
0.158699 2
0.158558 2
0.158412 2
0.158282 2
0.158138 2
0.158001 2
0.157885 2
0.157742 2
0.157624 2
0.157476 2
0.157332 2
0.157181 2
0.156875 2
0.156599 2
0.15646 2
0.156338 2
0.156191 2
0.156055 2
0.155948 2
0.155813 2
0.155674 2
0.15555 2
0.155435 2
0.155307 2
0.155172 2
0.155043 2
0.154895 2
0.154763 2
0.154634 2
0.15449 2
0.154344 2
0.154207 2
0.154066 2
0.153922 2
0.153786 2
0.153625 2
0.153486 2
0.153338 2
0.153199 2
0.153063 2
0.152924 2
0.152793 2
0.152725 1
0.152585 1
0.152437 1
0.152294 1
0.15216 1
0.152031 1
0.151885 1
0.151746 1
0.151603 1
0.151457 1
0.151332 1
0.151182 1
0.151039 1
0.150915 1
0.150776 1
0.150645 1
0.150497 1
0.150374 1
0.150243 1
0.15011 1
0.149975 1
0.149817 1
0.149663 1
0.149506 1
0.149379 1
0.149238 1
0.14911 1
0.148972 1
0.148853 1
0.148712 1
0.148584 1
0.148436 1
0.148293 1
0.148141 1
0.148028 1
0.147898 1
0.147748 1
0.147615 1
0.147471 1
0.147318 1
0.147172 1
0.147037 1
0.146887 1
0.146756 1
0.146611 1
0.146473 1
0.146375 1
0.146222 1
0.146076 1
0.145948 1
0.14579 1
0.145643 1
0.145489 1
0.145353 1
0.145221 1
0.145088 1
0.144952 1
0.144827 1
0.144725 1
0.144579 1
0.144439 1
0.144301 1
0.144163 1
0.144017 1
0.143866 1
0.143664 1
0.143519 1
0.143368 1
0.143224 1
0.143084 1
0.142946 1
0.142834 1
0.142731 1
0.142602 1
0.142475 1
0.142334 1
0.1422 1
0.142046 1
0.141897 1
0.141763 1
0.141618 1
0.141489 1
0.141359 1
0.141234 1
0.141103 1
0.140948 1
0.140797 1
0.140656 1
0.140511 1
0.140373 1
0.14023 1
0.1401 1
0.139969 1
0.13982 1
0.139668 1
0.139523 1
0.139377 1
0.139227 1
0.139083 1
0.138938 1
0.138799 1
0.138678 1
0.138539 1
0.138393 1
0.138275 1
0.138168 1
0.138018 1
0.137878 1
0.137732 1
0.1376 1
0.137465 1
0.137325 1
0.137178 1
0.13703 1
0.136888 1
0.136755 1
0.13663 1
0.136491 1
0.136359 1
0.13626 1
0.136122 1
0.135983 1
0.135849 1
0.135706 1
0.135557 1
0.135419 1
0.135276 1
0.135141 1
0.134996 1
0.134856 1
0.134707 1
0.134579 1
0.134443 1
0.134318 1
0.134162 1
0.134028 1
0.133876 1
0.133729 1
0.13361 1
0.133475 1
0.133344 1
0.133193 1
0.133057 1
0.132905 1
0.132766 1
0.132633 1
0.132505 1
0.132362 1
0.132216 1
0.132098 1
0.131958 1
0.131813 1
0.131684 1
0.131534 1
0.131399 1
0.131249 1
0.131115 1
0.130958 1
0.130826 1
0.130689 1
0.130569 1
0.130423 1
0.130311 1
0.13017 1
0.130021 1
0.129878 1
0.12975 1
0.129637 1
0.1295 1
0.129363 1
0.129235 1
0.129074 1
0.128947 1
0.128814 1
0.128656 1
0.128514 1
0.128382 1
0.128235 1
0.127949 1
0.127808 1
0.127661 1
0.127508 1
0.127352 1
0.127224 1
0.127093 1
0.126946 1
0.126821 1
0.12668 1
0.126528 1
0.126391 1
0.126247 1
0.126098 1
0.12597 1
0.12582 1
0.125704 1
0.125575 1
0.125428 1
0.125271 1
0.125134 1
0.125004 1
0.124868 1
0.124724 1
0.124585 1
0.124437 1
0.1243 1
0.124156 1
0.124024 1
0.123888 1
0.123771 1
0.123644 1
0.123502 1
0.123371 1
0.123221 1
0.123078 1
0.122943 1
0.122812 1
0.12266 1
0.122519 1
0.12239 1
0.122273 1
0.122142 1
0.122019 1
0.121892 1
0.121764 1
0.121625 1
0.12148 1
0.12137 1
0.121222 1
0.121069 1
0.120933 1
0.120804 1
0.120665 1
0.120525 1
0.120395 1
0.120272 1
0.120135 1
0.119998 1
0.119875 1
0.119732 1
0.119576 1
0.119424 1
0.119288 1
0.119141 1
0.118995 1
0.118855 1
0.11872 1
0.118611 1
0.118457 1
0.118314 1
0.118163 1
0.118033 1
0.117885 1
0.11774 1
0.117604 1
0.117478 1
0.117345 1
0.117201 1
0.117088 1
0.116939 1
0.116801 1
0.116673 1
0.116535 1
0.116383 1
0.116258 1
0.116116 1
0.11597 1
0.115826 1
0.115678 1
0.115533 1
0.115385 1
0.115256 1
0.115111 1
0.114964 1
0.114818 1
0.114696 1
0.114539 1
0.114381 1
0.114381 0
0.114092 0
0.113937 0
0.113829 0
0.113671 0
0.113531 0
0.113388 0
0.113265 0
0.113113 0
0.112969 0
0.112839 0
0.112692 0
0.11257 0
0.112432 0
0.112299 0
0.112166 0
0.112039 0
0.111899 0
0.111774 0
0.111647 0
0.111515 0
0.111379 0
0.111233 0
0.111099 0
0.110968 0
0.110849 0
0.110715 0
0.110564 0
0.110426 0
0.110277 0
0.11014 0
0.109979 0
0.109863 0
0.109718 0
0.109583 0
0.109438 0
0.109282 0
0.109131 0
0.108973 0
0.108828 0
0.108681 0
0.108541 0
0.108403 0
0.108297 0
0.108145 0
0.108012 0
0.107878 0
0.107765 0
0.107626 0
0.107488 0
0.107332 0
0.107177 0
0.107026 0
0.106909 0
0.106767 0
0.106495 0
0.106366 0
0.106224 0
0.106076 0
0.105931 0
0.105801 0
0.105657 0
0.105521 0
0.105395 0
0.105254 0
0.105127 0
0.104989 0
0.104861 0
0.104731 0
0.104605 0
0.104463 0
0.104335 0
0.104197 0
0.104062 0
0.103921 0
0.103767 0
0.103639 0
0.1035 0
0.103365 0
0.103243 0
0.103103 0
0.102959 0
0.102818 0
0.102678 0
0.102391 0
0.102271 0
0.102144 0
0.102016 0
0.101905 0
0.101763 0
0.101635 0
0.101496 0
0.101358 0
0.101221 0
0.101077 0
0.100953 0
0.100803 0
0.100647 0
0.10051 0
0.100352 0
0.100203 0
0.100078 0
0.0999342 0
0.0997982 0
0.0996463 0
0.0994874 0
0.0993608 0
0.0992162 0
0.0990731 0
0.098919 0
0.0987845 0
0.0986302 0
0.0984798 0
0.0983558 0
0.0982181 0
0.0980757 0
0.0979206 0
0.097793 0
0.0976469 0
0.0975325 0
0.0973831 0
0.0972481 0
0.0971088 0
0.0969805 0
0.0968461 0
0.0967055 0
0.0965831 0
0.0964367 0
0.0962958 0
0.0961468 0
0.0959918 0
0.0958459 0
0.0957019 0
0.0955468 0
0.0953971 0
0.0952436 0
0.0951184 0
0.0949728 0
0.0948384 0
0.0946914 0
0.0945899 0
0.0944419 0
0.0943114 0
0.0941629 0
0.09403 0
0.0938855 0
0.0937417 0
0.0936007 0
0.0934773 0
0.0933407 0
0.093222 0
0.0930829 0
0.0929475 0
0.092812 0
0.0926793 0
0.092533 0
0.0924126 0
0.0922601 0
0.0921236 0
0.0919939 0
0.0918589 0
0.0917097 0
0.0915616 0
0.0914162 0
0.0912917 0
0.0911596 0
0.0910369 0
0.0908872 0
0.0907494 0
0.0906026 0
0.0904662 0
0.0903275 0
0.0901833 0
0.0900411 0
0.0898888 0
0.089747 0
0.0896028 0
0.0894734 0
0.0893438 0
0.0891969 0
0.0890607 0
0.0889079 0
0.0887721 0
0.0886327 0
0.0885036 0
0.088364 0
0.0882194 0
0.0880763 0
0.0879212 0
0.0877829 0
0.087646 0
0.0874922 0
0.0873594 0
0.0872203 0
0.0870841 0
0.0869447 0
0.0868106 0
0.0866774 0
0.086568 0
0.0864189 0
0.0862696 0
0.0861284 0
0.0859912 0
0.0858444 0
0.0857114 0
0.0855681 0
0.0854381 0
0.0853083 0
0.0851643 0
0.0850154 0
0.0848866 0
0.0847353 0
0.0845869 0
0.0844491 0
0.0843028 0
0.0841817 0
0.0840418 0
0.0838967 0
0.0837482 0
0.083623 0
0.0834693 0
0.0833274 0
0.083192 0
0.0830489 0
0.0829276 0
0.0827966 0
0.0826536 0
0.0825038 0
0.0823536 0
0.0821998 0
0.0820591 0
0.0819362 0
0.0817966 0
0.0816594 0
0.081515 0
0.081373 0
0.0812528 0
0.0811181 0
0.0809756 0
0.0808336 0
0.0807077 0
0.0805904 0
0.0804579 0
0.080314 0
0.0801892 0
0.0800385 0
0.0799061 0
0.0797719 0
0.0796147 0
0.0794964 0
0.0793612 0
0.0792279 0
0.0790838 0
0.0789312 0
0.0787894 0
0.0786547 0
0.078522 0
0.0783837 0
0.0782458 0
0.0780933 0
0.0779495 0
0.0778157 0
0.0776805 0
0.0775315 0
0.0773906 0
0.0772615 0
0.0771127 0
0.0769621 0
0.0768175 0
0.0766673 0
0.0765148 0
0.0763888 0
0.0762383 0
0.0760958 0
0.0759361 0
0.0758104 0
0.0756615 0
0.0754254 0
0.0752752 0
0.0751424 0
0.0750138 0
0.0748851 0
0.0747445 0
0.074592 0
0.0744449 0
0.074306 0
0.0741543 0
0.0740136 0
0.0738832 0
0.0737566 0
0.0736129 0
0.0734561 0
0.0733224 0
0.0731908 0
0.0730863 0
0.0729586 0
0.0728189 0
0.0726718 0
0.0725181 0
0.0723709 0
0.0722262 0
0.072093 0
0.0719453 0
0.0718074 0
0.071681 0
0.0715365 0
0.0713831 0
0.0712447 0
0.0711186 0
0.0709776 0
0.0708432 0
0.0707038 0
0.0705683 0
0.0704133 0
0.0702982 0
0.0701633 0
0.0700188 0
0.0698795 0
0.0697435 0
0.069603 0
0.0694523 0
0.0693089 0
0.0691884 0
0.0690347 0
0.068895 0
0.0687754 0
0.0686656 0
0.0685149 0
0.0683586 0
0.0682266 0
0.0680715 0
0.0679378 0
0.067785 0
0.0676671 0
0.067519 0
0.0673815 0
0.067237 0
0.0670889 0
0.0669485 0
0.0668271 0
0.0666824 0
0.0664148 0
0.0662743 0
0.0661218 0
0.0659754 0
0.0658618 0
0.0657042 0
0.0655685 0
0.0654161 0
0.0652643 0
0.0651236 0
0.0650025 0
0.0648664 0
0.0647495 0
0.064631 0
0.0644856 0
0.0643511 0
0.0642028 0
0.0640535 0
0.0639104 0
0.063775 0
0.0636377 0
0.0634955 0
0.0633451 0
0.0632046 0
0.0630554 0
0.0629055 0
0.0627657 0
0.0626336 0
0.0624939 0
0.0623412 0
0.0622141 0
0.0620858 0
0.061953 0
0.06181 0
0.0616672 0
0.0615235 0
0.0613877 0
0.0612464 0
0.0611007 0
0.0609565 0
0.0608209 0
0.0606787 0
0.0605405 0
0.0603969 0
0.0602439 0
0.0601045 0
0.0599695 0
0.0598257 0
0.0596867 0
0.0595345 0
0.0593985 0
0.0592503 0
0.0590922 0
0.0589354 0
0.0587974 0
0.0586815 0
0.05854 0
0.0584007 0
0.058272 0
0.0581235 0
0.0579844 0
0.0578474 0
0.0576973 0
0.0575751 0
0.0574349 0
0.0572887 0
0.0571572 0
0.0570014 0
0.0568556 0
0.0567073 0
0.0565556 0
0.056401 0
0.0562458 0
0.0561016 0
0.0559709 0
0.0558405 0
0.055708 0
0.0555796 0
0.055435 0
0.0553079 0
0.0551675 0
0.0550424 0
0.0549342 0
0.0547951 0
0.0546458 0
0.0545024 0
0.0543716 0
0.0542281 0
0.0540947 0
0.0539591 0
0.0538166 0
0.0536778 0
0.0535378 0
0.0534015 0
0.0532961 0
0.0531631 0
0.0530131 0
0.0528778 0
0.0527534 0
0.0525979 0
0.0524435 0
0.0521824 0
0.0520429 0
0.0519205 0
0.0517757 0
0.0516219 0
0.0514703 0
0.0513456 0
0.0512158 0
0.0510821 0
0.0509402 0
0.0507879 0
0.050633 0
0.0504993 0
0.050345 0
0.0502062 0
0.0500651 0
0.0499063 0
0.0497764 0
0.0496308 0
0.049498 0
0.0493489 0
0.0492106 0
0.0490617 0
0.0489166 0
0.0487678 0
0.0486304 0
0.0484946 0
0.0483471 0
0.048209 0
0.0480796 0
0.0479297 0
0.0477799 0
0.0476258 0
0.0474813 0
0.0473515 0
0.0472235 0
0.0470874 0
0.0469369 0
0.0467834 0
0.0466435 0
0.0464949 0
0.046354 0
0.0462301 0
0.0460854 0
0.0459406 0
0.0457944 0
0.0456482 0
0.0455177 0
0.0453774 0
0.0452411 0
0.0450997 0
0.0449523 0
0.0448077 0
0.0446733 0
0.0445258 0
0.0443769 0
0.0442565 0
0.0441162 0
0.0439809 0
0.0438365 0
0.0436987 0
0.0435605 0
0.0434313 0
0.0432917 0
0.043149 0
0.0430027 0
0.0428627 0
0.0427116 0
0.0425621 0
0.0424095 0
0.0422502 0
0.0421206 0
0.041977 0
0.0418487 0
0.0417153 0
0.0415743 0
0.0414179 0
0.0412641 0
0.041131 0
0.0409782 0
0.0408519 0
0.0406977 0
0.0405689 0
0.0404241 0
0.0402793 0
0.0401274 0
0.0399884 0
0.0398573 0
0.0397141 0
0.0395658 0
0.0394203 0
0.0392752 0
0.0391349 0
0.0389891 0
0.0388543 0
0.0387146 0
0.0385802 0
0.0384478 0
0.0383099 0
0.0381827 0
0.0380428 0
0.0378977 0
0.0377572 0
0.0376219 0
0.037467 0
0.0373144 0
0.037182 0
0.0370427 0
0.0368926 0
0.0367645 0
0.0366254 0
0.0364711 0
0.0363339 0
0.0361916 0
0.0360723 0
0.0359291 0
0.0357798 0
0.035643 0
0.0354939 0
0.0353712 0
0.0352323 0
0.0350971 0
0.0349583 0
0.0348289 0
0.0346855 0
0.0345392 0
0.0343879 0
0.0342465 0
0.0341066 0
0.0339602 0
0.03381 0
0.0336629 0
0.0335183 0
0.0334088 0
0.033258 0
0.0331304 0
0.0328479 0
0.0327058 0
0.0325721 0
0.0324464 0
0.0323238 0
0.03219 0
0.032042 0
0.0319117 0
0.0317572 0
0.0316106 0
0.0314678 0
0.0313206 0
0.0311829 0
0.0310553 0
0.0308965 0
0.030762 0
0.0306313 0
0.0304971 0
0.0303615 0
0.0302219 0
0.0300727 0
0.0299209 0
0.0297854 0
0.0296372 0
0.029488 0
0.0293451 0
0.0292128 0
0.0290686 0
0.028914 0
0.0287791 0
0.0286387 0
0.028498 0
0.0283534 0
0.028215 0
0.0280969 0
0.0279583 0
0.027849 0
0.0276997 0
0.0275718 0
0.0274556 0
0.027323 0
0.0271921 0
0.027047 0
0.0268899 0
0.0267525 0
0.0266201 0
0.0264753 0
0.0263249 0
0.0261831 0
0.0260302 0
0.0259055 0
0.0257588 0
0.0256343 0
0.0254996 0
0.0253568 0
0.0252269 0
0.0250731 0
0.0249203 0
0.0247691 0
0.0246343 0
0.0244908 0
0.0243587 0
0.024216 0
0.024069 0
0.0239319 0
0.0237883 0
0.0236303 0
0.0234858 0
0.0233466 0
0.0231891 0
0.0230729 0
0.0229188 0
0.0227744 0
0.022632 0
0.0224798 0
0.0223241 0
0.0221823 0
0.0220351 0
0.0218833 0
0.0217373 0
0.0216052 0
0.0214536 0
0.0212945 0
0.021163 0
0.0210141 0
0.0208729 0
0.0207305 0
0.0205896 0
0.0204336 0
0.0202925 0
0.0201427 0
0.0200062 0
0.0198649 0
0.0197213 0
0.0195904 0
0.0194426 0
0.0193009 0
0.0191636 0
0.0190224 0
0.0188822 0
0.0187359 0
0.0185978 0
0.0184533 0
0.0182959 0
0.0181555 0
0.0180091 0
0.0178701 0
0.0177418 0
0.0176019 0
0.0174463 0
0.0172941 0
0.0171539 0
0.01701 0
0.016883 0
0.0167571 0
0.0166292 0
0.0164847 0
0.0163331 0
0.0162122 0
0.0160766 0
0.0159391 0
0.0157865 0
0.0156488 0
0.0155016 0
0.0153626 0
0.015214 0
0.0150769 0
0.0149419 0
0.0148034 0
0.0146611 0
0.0145281 0
0.0143816 0
0.014248 0
0.0141046 0
0.0139552 0
0.0137981 0
0.0136508 0
0.0135193 0
0.0133672 0
0.0132225 0
0.0130667 0
0.0129263 0
0.0127799 0
0.0126383 0
0.0124735 0
0.0123381 0
0.012188 0
0.0120488 0
0.0119035 0
0.0117517 0
0.0116077 0
0.0114674 0
0.011316 0
0.0111683 0
0.0110207 0
0.0108613 0
0.010722 0
0.010578 0
0.010427 0
0.0102804 0
0.0101373 0
0.00999417 0
0.00984273 0
0.00970847 0
0.00957953 0
0.00943844 0
0.00927905 0
0.00913738 0
0.00898592 0
0.00885478 0
0.00869591 0
0.008554 0
0.00840084 0
0.00825749 0
0.00811755 0
0.00800555 0
0.0078699 0
0.00774607 0
0.00759287 0
0.00744764 0
0.00730645 0
0.00715953 0
0.00702241 0
0.00688037 0
0.00674389 0
0.00660992 0
0.00646652 0
0.00631569 0
0.00619193 0
0.00604259 0
0.00590203 0
0.00576344 0
0.00561909 0
0.00550234 0
0.00535852 0
0.00521732 0
0.00508851 0
0.00495856 0
0.00481296 0
0.00467586 0
0.0045252 0
0.00439814 0
0.00425929 0
0.00412805 0
0.00398165 0
0.00384528 0
0.00369403 0
0.00355948 0
0.00341464 0
0.00327881 0
0.00312458 0
0.00297606 0
0.00283713 0
0.00269389 0
0.0025679 0
0.00241228 0
0.00226718 0
0.00212255 0
0.00198755 0
0.00183198 0
0.00168497 0
0.00154963 0
0.00141114 0
0.0012626 0
0.00111202 0
0.000965974 0
0.000815682 0
0.00067394 0
0.000536546 0
0.00039435 0
0.000279245 0
0.000139084 0
0 0
0 0
0 0
0 0
0 0
0 0
0 0
0 0
0 0
0 0
0 0
0 0
0 0
0 0
0 0
0 0
0 0
0 0
0 0
0 0
0 0
0 0
0 0
0 0
0 0
0 0
0 0
0 0
0 0
0 0
0 0
0 0
0 0
