0.522916 1934 5.31634
0.522723 1934 5.31635
0.522723 1933 5.31637
0.522529 1933 5.31655
0.522143 1933 5.31656
0.521949 1933 5.31662
0.521756 1933 5.31671
0.521756 1932 5.31674
0.521756 1931 5.31676
0.521563 1931 5.31677
0.521369 1931 5.3168
0.521176 1931 5.31687
0.521176 1930 5.31736
0.521176 1929 5.31738
0.520982 1929 5.31748
0.520789 1929 5.31751
0.520596 1929 5.31759
0.520402 1929 5.31779
0.520209 1929 5.31808
0.520209 1928 5.31812
0.520015 1928 5.3182
0.519822 1928 5.31823
0.519629 1928 5.31846
0.519435 1928 5.31849
0.519435 1927 5.31865
0.519242 1927 5.31879
0.519049 1927 5.31887
0.519049 1926 5.31922
0.519049 1925 5.31929
0.518855 1925 5.31936
0.518855 1924 5.31942
0.518468 1924 5.31945
0.518275 1924 5.31956
0.518082 1924 5.31965
0.518082 1923 5.31974
0.517888 1923 5.31999
0.517888 1922 5.32
0.517888 1920 5.32018
0.517695 1920 5.32036
0.517695 1919 5.32054
0.517308 1919 5.32073
0.517308 1918 5.32089
0.517115 1918 5.32092
0.516921 1918 5.32101
0.516921 1917 5.32145
0.516728 1917 5.3216
0.516728 1916 5.32174
0.516535 1916 5.32177
0.516341 1916 5.32204
0.516341 1915 5.32219
0.516341 1914 5.3222
0.516148 1914 5.32233
0.516148 1913 5.32234
0.516148 1912 5.32236
0.515954 1912 5.32245
0.515954 1911 5.32266
0.515761 1911 5.32276
0.515568 1911 5.32303
0.515374 1911 5.32319
0.515374 1910 5.32338
0.515374 1909 5.32352
0.515181 1909 5.32372
0.515181 1908 5.32374
0.515181 1907 5.3238
0.514987 1907 5.3241
0.514794 1906 5.3249
0.514794 1905 5.32497
0.514601 1905 5.32507
0.514407 1905 5.3254
0.514214 1905 5.32549
0.514214 1904 5.32553
0.51402 1904 5.32554
0.51402 1903 5.32557
0.513827 1903 5.32574
0.513634 1903 5.32659
0.513634 1902 5.3268
0.51344 1902 5.32688
0.51344 1901 5.32716
0.513247 1901 5.32727
0.513247 1900 5.32774
0.513054 1900 5.32776
0.51286 1900 5.32792
0.51286 1899 5.32804
0.512667 1899 5.32806
0.512473 1899 5.32822
0.51228 1899 5.32839
0.512087 1899 5.32844
0.511893 1899 5.32869
0.511893 1898 5.32879
0.5117 1898 5.32882
0.511506 1898 5.32898
0.511506 1897 5.32899
0.511313 1897 5.32919
0.51112 1897 5.3292
0.51112 1896 5.32922
0.510926 1896 5.32946
0.510926 1895 5.32957
0.510926 1894 5.32967
0.510733 1894 5.3297
0.510733 1893 5.32994
0.51054 1893 5.33015
0.510346 1893 5.33045
0.510153 1893 5.33054
0.510153 1892 5.33065
0.509959 1892 5.33072
0.509766 1892 5.33103
0.509573 1892 5.33142
0.509573 1891 5.33164
0.509379 1891 5.33175
0.509186 1891 5.3321
0.509186 1890 5.33219
0.508992 1890 5.33232
0.508799 1890 5.33236
0.508606 1890 5.33246
0.508412 1890 5.33258
0.508412 1889 5.3326
0.508026 1889 5.33262
0.507832 1889 5.33268
0.507832 1888 5.33276
0.507639 1888 5.33288
0.507639 1887 5.33337
0.507445 1887 5.33341
0.507445 1886 5.33352
0.507445 1885 5.33374
0.507445 1884 5.33379
0.507445 1883 5.33394
0.507252 1883 5.33395
0.507059 1883 5.33442
0.507059 1882 5.33459
0.507059 1881 5.33474
0.506865 1881 5.33488
0.506672 1881 5.3353
0.506672 1880 5.33554
0.506478 1880 5.33557
0.506285 1880 5.33561
0.506092 1880 5.33566
0.506092 1879 5.33595
0.505898 1879 5.33601
0.505898 1878 5.33603
0.505705 1878 5.3362
0.505705 1877 5.33624
0.505512 1877 5.33646
0.505318 1877 5.3367
0.505318 1876 5.33683
0.505125 1876 5.33699
0.505125 1875 5.33706
0.505125 1874 5.33722
0.504931 1874 5.33724
0.504931 1873 5.33726
0.504738 1873 5.33733
0.504545 1873 5.33734
0.504351 1873 5.33791
0.503964 1873 5.33797
0.503771 1873 5.33799
0.503578 1873 5.33807
0.503384 1873 5.33816
0.503384 1872 5.33868
0.503384 1871 5.33871
0.503384 1870 5.33896
0.503384 1869 5.33901
0.503191 1869 5.33913
0.502997 1868 5.33918
0.502804 1868 5.33934
0.502804 1867 5.33942
0.502804 1866 5.33957
0.502804 1864 5.33999
0.502804 1863 5.34034
0.502611 1863 5.34036
0.502417 1863 5.34078
0.502224 1863 5.3409
0.502031 1863 5.34179
0.501837 1863 5.34193
0.501644 1863 5.34207
0.50145 1863 5.34212
0.501257 1863 5.34261
0.501257 1862 5.34296
0.501257 1861 5.34308
0.501257 1859 5.34316
0.501257 1858 5.34335
0.501064 1858 5.34348
0.50087 1858 5.34359
0.50087 1857 5.34368
0.500677 1857 5.3437
0.500483 1857 5.34378
0.500483 1856 5.34387
0.50029 1856 5.34391
0.500097 1856 5.34398
0.500097 1855 5.34406
0.499903 1855 5.34411
0.49971 1855 5.34414
0.499517 1855 5.34419
0.499517 1854 5.34431
0.499517 1853 5.34437
0.499323 1853 5.34464
0.499323 1852 5.34497
0.49913 1852 5.34506
0.498936 1852 5.34509
0.498743 1852 5.34521
0.498743 1851 5.34525
0.498356 1851 5.34535
0.498163 1851 5.3456
0.497969 1851 5.34577
0.497776 1851 5.34587
0.497583 1850 5.34601
0.497583 1849 5.34614
0.497389 1849 5.34623
0.497389 1848 5.34643
0.497389 1847 5.34668
0.497389 1846 5.3468
0.497196 1846 5.34703
0.497003 1846 5.34708
0.496809 1846 5.34727
0.496809 1845 5.34731
0.496809 1844 5.34733
0.496809 1843 5.34747
0.496809 1842 5.34754
0.496809 1841 5.34799
0.496616 1841 5.34831
0.496422 1841 5.34837
0.496229 1841 5.3484
0.496229 1840 5.34881
0.496036 1840 5.34882
0.495842 1840 5.34901
0.495649 1840 5.34904
0.495455 1839 5.3491
0.495262 1839 5.34912
0.495262 1838 5.34918
0.495069 1838 5.3492
0.494875 1838 5.34935
0.494875 1837 5.34947
0.494875 1836 5.34991
0.494875 1835 5.35006
0.494488 1835 5.35011
0.494295 1835 5.35015
0.494102 1835 5.35023
0.494102 1834 5.35037
0.493908 1834 5.35046
0.493715 1834 5.35047
0.493522 1834 5.35079
0.493328 1834 5.35094
0.493135 1834 5.35096
0.492941 1834 5.3511
0.492748 1833 5.35132
0.492555 1833 5.35135
0.492361 1833 5.3514
0.492168 1833 5.35153
0.491974 1833 5.35155
0.491781 1833 5.3516
0.491588 1833 5.35162
0.491394 1833 5.35204
0.491394 1832 5.35228
0.491201 1832 5.35243
0.491008 1832 5.35258
0.491008 1831 5.3533
0.490814 1831 5.35345
0.490814 1830 5.35364
0.490814 1829 5.35367
0.490427 1829 5.35392
0.490427 1828 5.35401
0.490234 1828 5.35405
0.490234 1827 5.35421
0.490234 1826 5.35457
0.490234 1825 5.35458
0.490234 1824 5.35481
0.490041 1824 5.35514
0.489847 1824 5.35529
0.489654 1824 5.35549
0.48946 1824 5.35565
0.489267 1824 5.35605
0.489074 1824 5.35618
0.48888 1824 5.35621
0.48888 1823 5.35655
0.488687 1823 5.35665
0.488494 1823 5.35708
0.488494 1822 5.35717
0.488494 1821 5.35732
0.488494 1820 5.35746
0.4883 1820 5.35757
0.4883 1819 5.35773
0.488107 1819 5.35807
0.487913 1819 5.35825
0.48772 1819 5.35856
0.48772 1818 5.35862
0.48772 1817 5.35868
0.487527 1817 5.35869
0.487527 1816 5.35876
0.487527 1815 5.35888
0.487527 1814 5.35898
0.487333 1814 5.35914
0.487333 1813 5.35917
0.487333 1812 5.35923
0.48714 1812 5.35936
0.48714 1811 5.35943
0.48714 1810 5.35972
0.48714 1809 5.3598
0.486946 1809 5.36003
0.486753 1809 5.36007
0.486753 1807 5.36017
0.48656 1807 5.36019
0.486366 1807 5.36028
0.486366 1806 5.36042
0.486173 1806 5.36052
0.486173 1805 5.36068
0.48598 1805 5.36096
0.485786 1805 5.361
0.485786 1804 5.36124
0.485593 1804 5.3614
0.485593 1803 5.36142
0.485399 1803 5.36151
0.485206 1803 5.36153
0.485206 1802 5.36173
0.485206 1801 5.36192
0.485206 1800 5.36197
0.485013 1800 5.36202
0.484819 1800 5.36218
0.484819 1799 5.36223
0.484819 1798 5.36232
0.484819 1797 5.36235
0.484626 1797 5.36246
0.484432 1797 5.36255
0.484432 1796 5.36265
0.484432 1795 5.36268
0.484239 1795 5.36282
0.484046 1795 5.36285
0.483852 1795 5.3629
0.483659 1795 5.36307
0.483659 1794 5.3631
0.483465 1794 5.36316
0.483272 1794 5.36345
0.483272 1793 5.36357
0.483272 1792 5.36372
0.483272 1791 5.36374
0.483079 1791 5.36378
0.483079 1790 5.3639
0.482885 1789 5.36392
0.482692 1789 5.3641
0.482499 1789 5.36413
0.482305 1789 5.36415
0.482305 1788 5.36422
0.482305 1787 5.36426
0.482112 1787 5.36452
0.481918 1787 5.36454
0.481725 1787 5.36458
0.481532 1787 5.36525
0.481532 1786 5.36533
0.481532 1785 5.36538
0.481532 1784 5.36541
0.481532 1783 5.36544
0.481532 1781 5.36556
0.481338 1781 5.36582
0.481145 1781 5.36593
0.480951 1781 5.36601
0.480951 1779 5.3663
0.480951 1778 5.36668
0.480951 1777 5.36682
0.480758 1777 5.36741
0.480565 1777 5.36745
0.480371 1777 5.36762
0.480178 1777 5.36779
0.480178 1776 5.36783
0.480178 1775 5.36798
0.479985 1775 5.36838
0.479985 1774 5.36854
0.479791 1774 5.36861
0.479791 1773 5.36898
0.479598 1773 5.36931
0.479598 1772 5.36975
0.479598 1771 5.36987
0.479404 1771 5.36991
0.479404 1770 5.37007
0.479404 1769 5.37018
0.479211 1769 5.37025
0.479211 1768 5.37041
0.479018 1768 5.37042
0.478824 1768 5.37043
0.478631 1767 5.37055
0.478437 1767 5.37057
0.478244 1767 5.37077
0.478051 1767 5.37078
0.478051 1766 5.37084
0.477857 1766 5.37091
0.477857 1765 5.37116
0.477857 1764 5.37142
0.477664 1764 5.37166
0.477664 1763 5.37187
0.477664 1762 5.37212
0.477664 1761 5.37238
0.477664 1760 5.3724
0.477471 1760 5.37241
0.477277 1760 5.37277
0.477277 1759 5.37301
0.477084 1759 5.37303
0.477084 1758 5.37307
0.476697 1757 5.37309
0.476504 1757 5.3731
0.476504 1756 5.37317
0.47631 1756 5.37321
0.476117 1756 5.37329
0.475923 1755 5.37334
0.47573 1755 5.37354
0.47573 1754 5.37359
0.475537 1754 5.37369
0.475343 1754 5.37371
0.47515 1754 5.37461
0.47515 1753 5.37466
0.47515 1752 5.37471
0.474956 1752 5.37476
0.474956 1751 5.37502
0.474956 1750 5.37509
0.474763 1750 5.37539
0.474763 1749 5.37546
0.474763 1748 5.3756
0.474763 1747 5.37562
0.47457 1747 5.37586
0.47457 1746 5.37588
0.47457 1745 5.37619
0.47457 1744 5.37629
0.47457 1743 5.37676
0.47457 1742 5.37677
0.474376 1742 5.37686
0.474183 1742 5.37688
0.47399 1742 5.37727
0.473796 1742 5.37735
0.473603 1742 5.37738
0.473409 1742 5.37745
0.473216 1742 5.37749
0.473023 1742 5.37752
0.472829 1742 5.37755
0.472636 1742 5.37757
0.472442 1742 5.37764
0.472249 1742 5.3777
0.472056 1742 5.3782
0.471862 1742 5.37823
0.471669 1742 5.37828
0.471476 1742 5.37832
0.471476 1741 5.37844
0.471282 1741 5.37848
0.471089 1741 5.37849
0.471089 1739 5.37854
0.471089 1738 5.37878
0.470895 1738 5.37909
0.470702 1738 5.37913
0.470702 1737 5.37917
0.470509 1737 5.3793
0.470315 1737 5.37931
0.470315 1736 5.37935
0.470315 1735 5.37953
0.470315 1734 5.37965
0.470122 1734 5.37968
0.469928 1734 5.37969
0.469928 1733 5.37974
0.469735 1733 5.37981
0.469735 1732 5.38032
0.469542 1732 5.38041
0.469348 1732 5.38052
0.469155 1732 5.38057
0.468962 1732 5.38063
0.468962 1731 5.3807
0.468768 1731 5.38076
0.468768 1730 5.38077
0.468768 1729 5.38113
0.468575 1729 5.38132
0.468575 1728 5.38151
0.468381 1728 5.38186
0.468381 1727 5.38187
0.468188 1727 5.3819
0.467995 1727 5.38216
0.467995 1726 5.38234
0.467995 1725 5.38238
0.467801 1725 5.38244
0.467608 1725 5.3828
0.467414 1725 5.38287
0.467414 1724 5.38291
0.467221 1724 5.38295
0.467221 1723 5.38348
0.467028 1723 5.38365
0.467028 1722 5.38382
0.466834 1722 5.38396
0.466641 1722 5.38397
0.466447 1722 5.38406
0.466447 1721 5.38417
0.466447 1720 5.3842
0.466447 1719 5.38427
0.466254 1719 5.38431
0.466061 1718 5.38433
0.466061 1717 5.38438
0.466061 1716 5.38445
0.465867 1716 5.38446
0.465867 1715 5.38461
0.465867 1714 5.38467
0.465674 1714 5.3847
0.465481 1714 5.38485
0.465287 1713 5.38486
0.465094 1713 5.3851
0.465094 1712 5.38522
0.4649 1712 5.38546
0.464707 1712 5.38547
0.464707 1711 5.38558
0.464514 1711 5.38568
0.464514 1710 5.38584
0.46432 1710 5.38606
0.464127 1710 5.38609
0.463933 1710 5.38612
0.463933 1709 5.38622
0.46374 1709 5.38653
0.46374 1708 5.38658
0.463547 1708 5.38685
0.463353 1708 5.38715
0.46316 1708 5.38727
0.46316 1707 5.38729
0.46316 1706 5.38737
0.462967 1706 5.3874
0.462967 1705 5.38743
0.462773 1705 5.38768
0.462773 1704 5.38787
0.462773 1703 5.38789
0.46258 1703 5.388
0.462386 1703 5.38831
0.462193 1703 5.38845
0.462 1703 5.38853
0.461806 1703 5.38877
0.461806 1702 5.38948
0.461806 1701 5.38963
0.461613 1701 5.3898
0.461419 1700 5.38989
0.461226 1700 5.3899
0.461226 1699 5.39006
0.461033 1698 5.39012
0.461033 1697 5.39026
0.460839 1697 5.3903
0.460646 1697 5.39032
0.460646 1695 5.39037
0.460453 1695 5.39055
0.460259 1695 5.39058
0.460066 1695 5.39069
0.459872 1695 5.39086
0.459872 1694 5.39124
0.459872 1693 5.39125
0.459679 1693 5.39144
0.459679 1691 5.39149
0.459679 1690 5.39168
0.459486 1690 5.39182
0.459486 1689 5.39193
0.459292 1689 5.39202
0.459099 1686 5.39209
0.458905 1686 5.39213
0.458712 1686 5.3923
0.458712 1685 5.39233
0.458519 1685 5.39268
0.458325 1685 5.3927
0.458132 1685 5.39273
0.457939 1685 5.39292
0.457939 1684 5.39295
0.457939 1683 5.39299
0.457939 1682 5.39305
0.457745 1682 5.39323
0.457552 1682 5.39349
0.457552 1681 5.39352
0.457552 1679 5.39353
0.457358 1679 5.39376
0.457165 1679 5.3938
0.456972 1679 5.39389
0.456778 1679 5.39397
0.456778 1678 5.3941
0.456778 1677 5.3942
0.456585 1677 5.3945
0.456391 1676 5.39457
0.456198 1676 5.39497
0.456005 1676 5.39507
0.455811 1676 5.39509
0.455618 1675 5.39536
0.455424 1675 5.39537
0.455231 1675 5.39544
0.455038 1675 5.39546
0.455038 1674 5.39575
0.454844 1674 5.39581
0.454651 1674 5.3959
0.454651 1673 5.39596
0.454651 1672 5.39602
0.454651 1671 5.39615
0.454458 1671 5.39617
0.454264 1671 5.3965
0.454264 1670 5.39662
0.454264 1669 5.39682
0.454264 1668 5.39693
0.454264 1667 5.39702
0.454071 1667 5.39718
0.454071 1666 5.39724
0.454071 1665 5.39731
0.453877 1665 5.39733
0.453877 1664 5.39745
0.450396 1649 5.39762
0.450203 1649 5.39765
0.450203 1648 5.39772
0.45001 1648 5.39797
0.449816 1648 5.39822
0.449816 1647 5.39836
0.449623 1647 5.39844
0.44943 1646 5.39872
0.44943 1645 5.39875
0.44943 1644 5.39878
0.449236 1644 5.39895
0.449043 1644 5.39913
0.448849 1644 5.39927
0.448849 1643 5.39937
0.448656 1643 5.39955
0.448463 1643 5.39957
0.448269 1643 5.39979
0.448269 1642 5.40002
0.448269 1641 5.40016
0.448076 1641 5.40022
0.448076 1640 5.40032
0.448076 1639 5.40042
0.448076 1638 5.4005
0.448076 1637 5.40053
0.447882 1637 5.40055
0.447689 1637 5.40069
0.447689 1636 5.40081
0.447496 1636 5.40093
0.447302 1636 5.40101
0.447302 1635 5.40136
0.447109 1635 5.40137
0.447109 1634 5.40146
0.446915 1634 5.40149
0.446722 1634 5.4016
0.446529 1634 5.4018
0.446335 1634 5.40191
0.446335 1633 5.40193
0.446142 1633 5.40198
0.446142 1632 5.40209
0.445949 1632 5.40257
0.445755 1632 5.40267
0.445562 1632 5.4027
0.445368 1632 5.40277
0.445368 1631 5.40285
0.444982 1631 5.40297
0.444788 1630 5.403
0.444788 1629 5.40306
0.444595 1629 5.40307
0.444401 1629 5.40312
0.444401 1628 5.40321
0.444401 1627 5.40325
0.444208 1627 5.40333
0.444015 1627 5.40345
0.443821 1627 5.40392
0.443628 1627 5.40393
0.443435 1627 5.40396
0.443435 1626 5.40414
0.443241 1626 5.40424
0.443241 1625 5.40428
0.443241 1624 5.40456
0.443241 1623 5.40481
0.443048 1623 5.40484
0.442854 1623 5.40534
0.442661 1623 5.40537
0.442661 1622 5.40551
0.442661 1621 5.40553
0.442661 1620 5.40557
0.442468 1620 5.40572
0.442274 1620 5.40582
0.442081 1620 5.40595
0.441887 1620 5.40622
0.441887 1619 5.40635
0.441694 1619 5.40636
0.441501 1619 5.40655
0.441501 1618 5.40683
0.441307 1618 5.40687
0.441114 1617 5.407
0.440921 1617 5.40723
0.440727 1617 5.40738
0.440534 1617 5.40741
0.440534 1616 5.40783
0.440534 1614 5.40793
0.44034 1614 5.40811
0.440147 1614 5.40828
0.440147 1613 5.40836
0.439954 1613 5.40848
0.439954 1612 5.40859
0.439954 1611 5.40889
0.43976 1611 5.40935
0.439567 1610 5.40965
0.439567 1609 5.4098
0.439567 1608 5.40986
0.439567 1607 5.41007
0.439567 1606 5.41013
0.439567 1605 5.41046
0.439373 1605 5.41055
0.43918 1604 5.41082
0.438987 1604 5.41121
0.438793 1604 5.41135
0.4386 1604 5.4114
0.438406 1604 5.41141
0.438406 1602 5.4119
0.438406 1601 5.41223
0.438406 1600 5.41242
0.438406 1599 5.41265
0.438406 1598 5.41271
0.438213 1598 5.41288
0.43802 1598 5.41292
0.43802 1597 5.41293
0.437826 1597 5.41322
0.437633 1597 5.41345
0.437633 1596 5.41357
0.43744 1596 5.41362
0.43744 1595 5.41367
0.437246 1595 5.41379
0.437246 1594 5.41381
0.437053 1594 5.41403
0.437053 1593 5.41413
0.436859 1593 5.41414
0.436666 1593 5.41427
0.436473 1593 5.41432
0.436473 1592 5.41448
0.436279 1591 5.41454
0.436086 1591 5.41455
0.436086 1590 5.41459
0.435892 1590 5.41461
0.435699 1590 5.41469
0.435506 1590 5.41473
0.435312 1590 5.4148
0.435312 1589 5.41485
0.435312 1588 5.41501
0.435119 1588 5.41527
0.435119 1587 5.4153
0.434926 1587 5.41537
0.434926 1586 5.41545
0.434926 1585 5.41547
0.434732 1585 5.41604
0.434539 1585 5.41625
0.434345 1585 5.41629
0.434345 1584 5.41632
0.434152 1584 5.41645
0.433959 1584 5.41672
0.433959 1583 5.41687
0.433959 1582 5.41698
0.433765 1582 5.41709
0.433572 1582 5.41728
0.433378 1582 5.41735
0.433185 1582 5.41757
0.433185 1581 5.41758
0.432992 1581 5.41762
0.432992 1580 5.41764
0.432798 1580 5.41766
0.432605 1580 5.4179
0.432412 1580 5.41841
0.432412 1579 5.41876
0.432218 1579 5.41888
0.432218 1578 5.41892
0.432025 1578 5.419
0.432025 1577 5.41949
0.432025 1576 5.41981
0.431831 1576 5.42006
0.431831 1575 5.42014
0.431831 1574 5.42017
0.431831 1573 5.42021
0.431831 1572 5.42042
0.431638 1572 5.42046
0.431445 1572 5.42049
0.431445 1571 5.42059
0.431445 1570 5.42065
0.431251 1569 5.42074
0.431058 1569 5.42076
0.430864 1569 5.42082
0.430864 1568 5.42089
0.430864 1567 5.42126
0.430671 1567 5.42128
0.430478 1567 5.42132
0.430284 1567 5.4216
0.430091 1567 5.42166
0.429898 1567 5.42171
0.429704 1567 5.42183
0.429511 1567 5.42185
0.429317 1567 5.42199
0.429124 1567 5.422
0.428931 1567 5.42208
0.428931 1566 5.42214
0.428737 1566 5.42228
0.428544 1566 5.42237
0.42835 1566 5.4225
0.428157 1566 5.42252
0.427964 1566 5.42254
0.427964 1565 5.42262
0.427964 1564 5.4229
0.427964 1563 5.423
0.42777 1563 5.42325
0.427577 1563 5.4234
0.427383 1562 5.42354
0.427383 1561 5.42356
0.42719 1561 5.42383
0.426997 1561 5.42402
0.426803 1561 5.42408
0.42661 1561 5.42431
0.42661 1560 5.42435
0.426417 1560 5.42456
0.42603 1560 5.42483
0.425836 1560 5.42495
0.425836 1559 5.42505
0.425643 1559 5.42513
0.42545 1559 5.42518
0.42545 1558 5.42558
0.425256 1558 5.42561
0.425063 1558 5.42568
0.425063 1557 5.42601
0.424869 1557 5.42612
0.424869 1556 5.4264
0.424869 1555 5.42644
0.424676 1554 5.42646
0.424483 1554 5.42655
0.424289 1554 5.42656
0.424096 1554 5.42661
0.423903 1554 5.42697
0.423903 1553 5.427
0.423709 1553 5.42711
0.423709 1552 5.4273
0.423709 1551 5.42733
0.423516 1551 5.42755
0.423322 1551 5.42764
0.423322 1550 5.42787
0.423129 1550 5.42807
0.422936 1550 5.42814
0.422936 1549 5.42816
0.422742 1549 5.42867
0.422549 1549 5.42877
0.422355 1549 5.42886
0.422162 1549 5.42915
0.421969 1549 5.42925
0.421775 1549 5.4294
0.421775 1548 5.42979
0.421775 1547 5.43031
0.421582 1547 5.43039
0.421582 1546 5.43044
0.421389 1546 5.43045
0.421195 1546 5.43067
0.421002 1546 5.43091
0.421002 1545 5.43105
0.420808 1545 5.43156
0.420808 1544 5.43187
0.420808 1543 5.43194
0.420615 1543 5.43203
0.420422 1543 5.43209
0.420228 1543 5.43214
0.420035 1543 5.43218
0.419841 1543 5.4323
0.419841 1542 5.43264
0.419841 1541 5.43267
0.419648 1541 5.43286
0.419455 1541 5.43297
0.419261 1541 5.43317
0.419261 1540 5.43322
0.419261 1539 5.43329
0.419261 1538 5.43336
0.419261 1537 5.43344
0.419261 1536 5.43357
0.419261 1535 5.43378
0.419261 1534 5.4339
0.419068 1534 5.43402
0.418874 1534 5.43416
0.418681 1534 5.43418
0.418488 1534 5.43444
0.418488 1533 5.43453
0.418488 1531 5.43459
0.418294 1531 5.43491
0.418101 1531 5.43493
0.418101 1530 5.4351
0.417714 1530 5.43529
0.417521 1530 5.43537
0.417521 1529 5.4354
0.417327 1529 5.43608
0.417327 1528 5.43609
0.417134 1528 5.43616
0.417134 1527 5.43623
0.417134 1526 5.43632
0.416941 1526 5.43654
0.416747 1526 5.43672
0.416554 1526 5.43673
0.41636 1526 5.43684
0.416167 1526 5.43697
0.416167 1525 5.43705
0.415974 1525 5.43713
0.41578 1525 5.43735
0.415587 1525 5.43766
0.415587 1524 5.43774
0.415587 1523 5.43791
0.415394 1523 5.4381
0.415394 1522 5.43826
0.415394 1521 5.43842
0.4152 1521 5.43868
0.4152 1520 5.43882
0.4152 1519 5.43892
0.4152 1518 5.43897
0.415007 1518 5.4391
0.415007 1517 5.43916
0.414813 1517 5.43918
0.414813 1516 5.43944
0.414813 1515 5.4395
0.414813 1514 5.43951
0.41462 1514 5.43965
0.41462 1513 5.43968
0.414427 1513 5.43981
0.414233 1513 5.43984
0.41404 1513 5.44006
0.41404 1512 5.44013
0.41404 1511 5.44014
0.41404 1510 5.44016
0.413846 1510 5.44025
0.413653 1510 5.44031
0.413653 1509 5.44036
0.41346 1509 5.44069
0.413266 1509 5.44081
0.413266 1508 5.44091
0.413073 1508 5.44113
0.41288 1508 5.44125
0.41288 1507 5.44127
0.41288 1506 5.44132
0.412686 1506 5.44164
0.412686 1505 5.44173
0.412686 1504 5.44199
0.412686 1503 5.44209
0.412493 1503 5.44215
0.412299 1503 5.44244
0.412106 1503 5.44249
0.412106 1502 5.44253
0.412106 1501 5.44269
0.412106 1500 5.4427
0.411913 1500 5.44283
0.411719 1500 5.44293
0.411719 1499 5.443
0.411526 1498 5.44307
0.411526 1497 5.4432
0.411139 1497 5.44341
0.410946 1497 5.44348
0.410946 1495 5.4435
0.410946 1494 5.44358
0.410946 1493 5.44396
0.410752 1493 5.444
0.410559 1493 5.44402
0.410559 1492 5.4442
0.410365 1492 5.44425
0.410172 1492 5.44427
0.410172 1491 5.4443
0.409979 1491 5.44467
0.409592 1491 5.44473
0.409592 1490 5.44477
0.409399 1490 5.44487
0.409399 1489 5.44498
0.409205 1489 5.44517
0.409205 1488 5.44544
0.409012 1488 5.44549
0.408818 1488 5.44556
0.408625 1488 5.44564
0.408625 1486 5.44595
0.408625 1485 5.44639
0.408625 1484 5.44669
0.408432 1484 5.44688
0.408432 1483 5.44714
0.408238 1483 5.44739
0.408045 1483 5.44787
0.408045 1482 5.44792
0.408045 1481 5.44804
0.408045 1480 5.4481
0.408045 1479 5.44818
0.408045 1478 5.44826
0.407658 1478 5.44833
0.407465 1478 5.44836
0.407271 1478 5.44837
0.407271 1477 5.44853
0.407271 1476 5.44886
0.407078 1476 5.44901
0.406885 1476 5.44907
0.406885 1475 5.44924
0.406691 1475 5.44943
0.406691 1474 5.44961
0.406691 1473 5.44984
0.406498 1473 5.45002
0.406304 1473 5.45041
0.406111 1473 5.45051
0.405918 1473 5.45061
0.405918 1472 5.45065
0.405918 1471 5.45103
0.405724 1471 5.45113
0.405531 1471 5.45131
0.405337 1471 5.45134
0.405144 1470 5.45145
0.404951 1470 5.45159
0.404757 1470 5.45166
0.404371 1470 5.45176
0.404371 1469 5.45183
0.404371 1468 5.45197
0.404177 1468 5.45206
0.403984 1468 5.45208
0.403597 1468 5.45211
0.403404 1468 5.45216
0.403404 1467 5.45222
0.40321 1467 5.45286
0.40321 1466 5.45293
0.403017 1466 5.45321
0.403017 1465 5.45348
0.402823 1465 5.45351
0.40263 1465 5.45355
0.402437 1465 5.45364
0.402437 1464 5.45379
0.402243 1464 5.454
0.40205 1464 5.45441
0.401857 1464 5.4546
0.401857 1463 5.45463
0.401857 1462 5.45487
0.401663 1462 5.45508
0.40147 1462 5.45509
0.40147 1461 5.45518
0.401276 1461 5.45522
0.401083 1461 5.45525
0.401083 1460 5.45526
0.40089 1460 5.4554
0.400696 1460 5.45544
0.400696 1459 5.45566
0.400503 1459 5.45599
0.400309 1459 5.456
0.400116 1459 5.45605
0.399923 1459 5.4562
0.399729 1459 5.45659
0.399729 1458 5.4567
0.399729 1457 5.45709
0.399536 1457 5.45711
0.399536 1456 5.45736
0.399342 1456 5.45737
0.399149 1456 5.4574
0.399149 1455 5.45761
0.398956 1455 5.45767
0.398956 1454 5.45781
0.398762 1454 5.45787
0.398569 1454 5.45791
0.398569 1453 5.45797
0.398376 1453 5.45815
0.398376 1452 5.45819
0.398376 1451 5.45841
0.398182 1451 5.45847
0.398182 1450 5.45875
0.398182 1449 5.45877
0.397989 1449 5.45882
0.397989 1448 5.45889
0.397795 1448 5.45897
0.397602 1448 5.45898
0.397409 1448 5.45919
0.397409 1447 5.45936
0.397215 1447 5.45972
0.397215 1446 5.4599
0.397022 1446 5.45993
0.396828 1446 5.45995
0.396828 1445 5.46007
0.396828 1444 5.4601
0.396828 1443 5.46031
0.396635 1443 5.46044
0.396442 1443 5.46047
0.396442 1442 5.46049
0.396248 1442 5.46087
0.396248 1441 5.46098
0.396248 1440 5.46126
0.396055 1440 5.46132
0.396055 1439 5.46147
0.395862 1439 5.46148
0.395475 1439 5.4616
0.395281 1439 5.46251
0.395088 1439 5.46285
0.394895 1439 5.4629
0.394895 1438 5.46295
0.394701 1438 5.4634
0.394701 1437 5.46374
0.394508 1437 5.46393
0.394314 1437 5.46408
0.394121 1437 5.46415
0.393734 1437 5.46421
0.393541 1437 5.46435
0.393541 1436 5.4648
0.393348 1436 5.46492
0.393348 1435 5.46497
0.393348 1434 5.4651
0.393154 1434 5.46518
0.393154 1433 5.46539
0.392961 1433 5.46547
0.392961 1432 5.46558
0.392767 1432 5.46586
0.392767 1431 5.46587
0.392574 1431 5.46651
0.392574 1430 5.46706
0.392381 1430 5.4671
0.392381 1429 5.46737
0.392381 1428 5.46757
0.392187 1428 5.46764
0.391994 1428 5.46769
0.391994 1427 5.4677
0.391994 1426 5.46782
0.3918 1426 5.46784
0.391607 1426 5.46806
0.391414 1426 5.46818
0.39122 1426 5.4683
0.391027 1426 5.46844
0.390833 1426 5.46902
0.39064 1426 5.46913
0.39064 1425 5.46936
0.390447 1425 5.46939
0.390447 1424 5.46955
0.390253 1424 5.46975
0.39006 1424 5.46976
0.39006 1423 5.46982
0.389867 1423 5.47036
0.389867 1422 5.4704
0.389867 1421 5.47054
0.389673 1421 5.47074
0.38948 1421 5.47077
0.389286 1421 5.47114
0.389093 1421 5.47125
0.389093 1420 5.47141
0.3889 1420 5.47174
0.388706 1420 5.47193
0.388319 1420 5.47194
0.388319 1419 5.47203
0.388319 1418 5.47215
0.388126 1418 5.4722
0.387933 1417 5.47229
0.387933 1416 5.4727
0.387933 1415 5.47271
0.387739 1415 5.47295
0.387739 1414 5.47315
0.387546 1414 5.47334
0.387546 1413 5.47343
0.387353 1413 5.47344
0.387159 1413 5.47376
0.386966 1413 5.47382
0.386579 1413 5.47393
0.386386 1413 5.4741
0.386386 1412 5.47424
0.386192 1412 5.47427
0.385999 1412 5.47462
0.385805 1412 5.47483
0.385805 1411 5.47484
0.385612 1411 5.47488
0.385612 1410 5.47495
0.385612 1409 5.47502
0.385612 1408 5.47505
0.385419 1408 5.47534
0.385225 1408 5.47552
0.385225 1407 5.47559
0.385032 1407 5.47565
0.384839 1407 5.47586
0.384645 1407 5.47593
0.384452 1407 5.47605
0.384258 1407 5.47612
0.384258 1406 5.47636
0.384258 1405 5.47656
0.383872 1405 5.47671
0.383678 1405 5.47678
0.383678 1404 5.4769
0.383678 1403 5.47692
0.383678 1402 5.47757
0.383678 1401 5.47759
0.383678 1400 5.47773
0.383485 1400 5.47778
0.383098 1400 5.47801
0.383098 1399 5.47805
0.383098 1398 5.4784
0.383098 1397 5.4786
0.383098 1396 5.47862
0.383098 1395 5.47864
0.382905 1395 5.47869
0.382905 1394 5.47904
0.382711 1394 5.47909
0.382518 1394 5.47935
0.382518 1393 5.47955
0.382518 1392 5.47958
0.382518 1391 5.47975
0.382518 1390 5.4798
0.382325 1390 5.47987
0.382131 1390 5.47998
0.381938 1390 5.48006
0.381744 1390 5.48014
0.381744 1389 5.4809
0.381551 1389 5.48093
0.381551 1388 5.48096
0.381358 1388 5.48113
0.381164 1388 5.48121
0.380971 1388 5.48126
0.380777 1388 5.48149
0.380584 1388 5.48162
0.380391 1388 5.48167
0.380197 1388 5.48185
0.380197 1387 5.48189
0.380197 1386 5.48199
0.380004 1386 5.48222
0.380004 1385 5.48236
0.37981 1385 5.48258
0.379617 1385 5.48265
0.379424 1385 5.4828
0.379424 1384 5.48288
0.379424 1382 5.48309
0.37923 1382 5.48324
0.37923 1381 5.4836
0.379037 1381 5.48377
0.378844 1381 5.48386
0.37865 1381 5.48403
0.378457 1381 5.48409
0.378457 1380 5.48414
0.378263 1380 5.48423
0.378263 1379 5.48425
0.37807 1379 5.48431
0.37807 1376 5.48453
0.377877 1376 5.48465
0.377683 1376 5.48514
0.37749 1376 5.48577
0.377296 1376 5.48579
0.377296 1375 5.48602
0.377103 1375 5.48625
0.377103 1374 5.48626
0.377103 1373 5.48638
0.37691 1373 5.48642
0.37691 1372 5.48654
0.376716 1372 5.48656
0.376716 1371 5.48677
0.376523 1371 5.48698
0.37633 1371 5.4871
0.376136 1371 5.48714
0.375943 1371 5.48716
0.375943 1370 5.48761
0.375556 1370 5.48788
0.375363 1370 5.48806
0.375363 1369 5.48807
0.375363 1368 5.4881
0.375363 1367 5.48816
0.375169 1367 5.48818
0.375169 1366 5.4883
0.374976 1365 5.48831
0.374976 1364 5.48853
0.374782 1364 5.48857
0.374589 1364 5.48863
0.374589 1363 5.48895
0.374396 1363 5.48927
0.374202 1363 5.48931
0.374202 1362 5.4895
0.374009 1362 5.48966
0.373816 1362 5.48975
0.373816 1361 5.48999
0.373816 1360 5.49018
0.373622 1360 5.49024
0.373622 1359 5.49047
0.373622 1358 5.4905
0.373622 1357 5.49057
0.373622 1356 5.49062
0.373429 1356 5.49064
0.373429 1355 5.49067
0.373429 1354 5.49071
0.373429 1353 5.49075
0.373429 1352 5.49088
0.373429 1351 5.49092
0.373235 1351 5.49103
0.373235 1350 5.49127
0.373042 1350 5.49141
0.372849 1350 5.49142
0.372655 1350 5.49145
0.372655 1349 5.49172
0.372655 1348 5.49194
0.372462 1348 5.49263
0.372268 1348 5.49265
0.372268 1347 5.49312
0.372268 1346 5.49319
0.372075 1346 5.49323
0.372075 1345 5.4933
0.371882 1345 5.49331
0.371882 1344 5.49379
0.371882 1343 5.49393
0.371688 1343 5.4941
0.371495 1343 5.49458
0.371301 1343 5.49492
0.371301 1342 5.49525
0.371108 1342 5.49532
0.371108 1341 5.49561
0.371108 1340 5.49579
0.371108 1339 5.49584
0.370915 1339 5.49603
0.370915 1338 5.49614
0.370721 1338 5.49626
0.370528 1338 5.49645
0.370528 1337 5.49674
0.370335 1337 5.49681
0.370141 1337 5.49711
0.369948 1337 5.49714
0.369948 1336 5.49733
0.369754 1336 5.49734
0.369754 1335 5.49759
0.369561 1335 5.4976
0.369368 1335 5.49762
0.369174 1335 5.49773
0.368981 1335 5.49801
0.368787 1335 5.49803
0.368594 1335 5.49823
0.368401 1335 5.49844
0.368401 1334 5.49855
0.368401 1333 5.49872
0.368401 1332 5.49879
0.368207 1332 5.49882
0.368014 1332 5.49929
0.367821 1332 5.49953
0.367627 1332 5.49984
0.367434 1332 5.49989
0.36724 1332 5.49996
0.367047 1332 5.5003
0.367047 1331 5.50052
0.366854 1331 5.50064
0.36666 1331 5.50065
0.36666 1330 5.50082
0.366467 1330 5.50095
0.366467 1329 5.50136
0.366273 1329 5.50144
0.36608 1329 5.50145
0.365887 1329 5.50148
0.365693 1329 5.50179
0.365693 1328 5.50188
0.365693 1327 5.50198
0.365693 1326 5.5021
0.3655 1326 5.50218
0.3655 1325 5.50219
0.3655 1324 5.50237
0.365693 1322 5.50241
0.3655 1322 5.50268
0.3655 1321 5.50281
0.365307 1321 5.50282
0.365113 1321 5.50296
0.36492 1321 5.50299
0.364726 1321 5.50316
0.364533 1321 5.5032
0.36434 1321 5.50352
0.364146 1321 5.50373
0.364146 1320 5.50384
0.364146 1319 5.50388
0.364146 1318 5.50401
0.363953 1318 5.50431
0.363759 1318 5.50437
0.363566 1318 5.50466
0.363373 1318 5.50491
0.363179 1318 5.50496
0.362986 1318 5.50528
0.362792 1318 5.50529
0.362599 1318 5.50547
0.362406 1318 5.50549
0.362406 1317 5.50588
0.362019 1317 5.50594
0.361826 1317 5.50605
0.361632 1317 5.50638
0.361632 1316 5.50639
0.361439 1316 5.50648
0.361245 1316 5.50657
0.361052 1316 5.50688
0.360859 1316 5.50699
0.360859 1315 5.50731
0.360665 1315 5.50756
0.360472 1315 5.50778
0.360278 1315 5.50795
0.360278 1314 5.50851
0.360085 1314 5.50854
0.359892 1314 5.50861
0.359698 1314 5.50872
0.359505 1314 5.50883
0.359312 1314 5.50885
0.359118 1314 5.50888
0.359118 1313 5.50894
0.359118 1312 5.50897
0.358925 1312 5.50908
0.358731 1312 5.50911
0.358731 1311 5.50943
0.358731 1310 5.50974
0.358538 1310 5.51005
0.358345 1310 5.51065
0.358345 1309 5.5108
0.358345 1308 5.5111
0.358345 1307 5.51133
0.358345 1306 5.51141
0.358151 1306 5.51146
0.358151 1305 5.51158
0.358151 1304 5.51199
0.357958 1304 5.51204
0.357764 1304 5.51224
0.357571 1304 5.51227
0.357378 1304 5.51229
0.357184 1304 5.51255
0.356991 1304 5.51261
0.356798 1304 5.5133
0.356604 1304 5.51393
0.356604 1303 5.51399
0.356604 1302 5.51415
0.356604 1301 5.51446
0.356411 1301 5.51461
0.356411 1300 5.51462
0.356217 1300 5.51539
0.356217 1299 5.51549
0.356024 1299 5.51564
0.356024 1298 5.51587
0.355831 1298 5.5162
0.355637 1298 5.51685
0.355637 1297 5.51701
0.355637 1296 5.51792
0.355444 1295 5.51821
0.35525 1295 5.51831
0.355057 1295 5.5184
0.355057 1294 5.51847
0.354864 1294 5.51882
0.35467 1294 5.51885
0.354477 1294 5.51925
0.354284 1294 5.51954
0.354284 1293 5.51955
0.35409 1293 5.51982
0.353897 1293 5.52008
0.353897 1292 5.52017
0.353703 1292 5.52037
0.35351 1291 5.52039
0.353317 1291 5.52058
0.353317 1290 5.52119
0.353317 1289 5.52137
0.353123 1289 5.52171
0.35293 1289 5.52206
0.352736 1289 5.52208
0.352543 1289 5.52219
0.35235 1289 5.52235
0.352156 1289 5.52244
0.352156 1288 5.52249
0.352156 1286 5.52277
0.351963 1286 5.52368
0.351963 1285 5.52378
0.351769 1285 5.52398
0.351769 1284 5.52411
0.351769 1283 5.52414
0.351576 1283 5.52457
0.351383 1283 5.52476
0.351189 1283 5.52498
0.350996 1283 5.52499
0.350803 1283 5.525
0.350803 1282 5.52516
0.350803 1281 5.52528
0.350609 1281 5.52529
0.350609 1280 5.52534
0.350416 1280 5.52565
0.350416 1279 5.52617
0.350222 1279 5.52648
0.350029 1279 5.52658
0.349836 1279 5.52718
0.349836 1278 5.5272
0.349836 1277 5.52723
0.349836 1276 5.52754
0.349642 1276 5.52756
0.349449 1276 5.52772
0.349449 1275 5.52849
0.349255 1275 5.52883
0.349062 1275 5.52888
0.348869 1275 5.529
0.348869 1274 5.5291
0.348675 1274 5.52927
0.348482 1273 5.52928
0.348289 1273 5.53003
0.348095 1273 5.53008
0.347902 1273 5.53018
0.347708 1273 5.53021
0.347515 1272 5.53033
0.347515 1271 5.53046
0.347322 1271 5.53056
0.347128 1271 5.53116
0.347128 1270 5.53124
0.346935 1270 5.53125
0.346935 1269 5.53148
0.346741 1269 5.53174
0.346548 1269 5.53231
0.346548 1268 5.53253
0.346355 1268 5.53261
0.346161 1268 5.53311
0.346161 1267 5.53317
0.346161 1266 5.53356
0.345968 1266 5.53364
0.345775 1266 5.53404
0.345581 1266 5.53424
0.345001 1266 5.53426
0.344808 1266 5.53436
0.344614 1266 5.5345
0.344421 1266 5.53493
0.344227 1266 5.53495
0.344227 1265 5.53499
0.344227 1264 5.53537
0.344034 1264 5.53569
0.344034 1263 5.5357
0.343841 1263 5.53598
0.343647 1263 5.53614
0.343454 1263 5.53624
0.34326 1263 5.53628
0.343067 1263 5.53682
0.342874 1263 5.53686
0.34268 1263 5.53723
0.342487 1263 5.53791
0.342294 1263 5.53812
0.3421 1263 5.53838
0.341907 1263 5.53839
0.341713 1263 5.53843
0.341713 1262 5.53846
0.341713 1261 5.53862
0.34152 1261 5.53863
0.341327 1261 5.53865
0.341133 1261 5.53868
0.340746 1261 5.53875
0.340746 1260 5.53897
0.340553 1260 5.53938
0.340553 1259 5.53969
0.340553 1258 5.53996
0.340553 1257 5.5407
0.34036 1257 5.54077
0.340166 1257 5.54086
0.339973 1257 5.54091
0.33978 1257 5.54141
0.339586 1257 5.54158
0.339393 1257 5.54176
0.339199 1257 5.54179
0.339199 1256 5.5418
0.339006 1256 5.54191
0.338813 1256 5.54198
0.338813 1255 5.5421
0.338813 1254 5.54239
0.338813 1253 5.54249
0.338619 1253 5.54252
0.338619 1252 5.54271
0.338619 1251 5.54274
0.338619 1250 5.54285
0.338619 1249 5.54287
0.338619 1248 5.54328
0.338619 1247 5.54346
0.338426 1247 5.54353
0.338232 1247 5.54371
0.338232 1246 5.54382
0.338039 1246 5.54389
0.337846 1246 5.54391
0.337652 1246 5.54393
0.337459 1246 5.54425
0.337266 1246 5.54439
0.337266 1245 5.54451
0.337072 1245 5.54487
0.336879 1245 5.54489
0.336685 1245 5.54503
0.336492 1245 5.54509
0.336299 1245 5.54536
0.336299 1244 5.54542
0.336105 1244 5.54549
0.336105 1243 5.54552
0.335912 1243 5.54574
0.335718 1243 5.54575
0.335525 1243 5.54576
0.335332 1243 5.54581
0.335138 1243 5.54584
0.334751 1242 5.54585
0.334751 1241 5.54611
0.334751 1240 5.54618
0.334558 1239 5.54653
0.334171 1239 5.54665
0.333978 1239 5.54678
0.333978 1238 5.54691
0.333978 1237 5.54696
0.333785 1237 5.54697
0.333785 1236 5.5472
0.333591 1236 5.54781
0.333591 1235 5.54814
0.333398 1235 5.54823
0.333398 1234 5.54826
0.333204 1234 5.54843
0.333204 1233 5.54851
0.333011 1233 5.54862
0.333011 1232 5.54884
0.333011 1231 5.54889
0.333011 1230 5.54899
0.333011 1229 5.54954
0.332818 1229 5.54985
0.332624 1229 5.55003
0.332431 1229 5.5503
0.332237 1229 5.55034
0.332044 1229 5.55054
0.332044 1228 5.55066
0.332044 1227 5.55092
0.331851 1227 5.55094
0.331851 1226 5.55119
0.331657 1226 5.55144
0.331657 1225 5.55165
0.331464 1225 5.55166
0.331271 1225 5.55175
0.331271 1224 5.55176
0.331077 1224 5.55178
0.331077 1223 5.5519
0.330884 1223 5.55197
0.33069 1223 5.55201
0.330497 1223 5.55211
0.330497 1222 5.55226
0.330304 1222 5.5527
0.330304 1221 5.55271
0.33011 1221 5.55295
0.33011 1220 5.55317
0.33011 1219 5.55318
0.329917 1219 5.55332
0.329723 1219 5.55349
0.32953 1219 5.55371
0.32953 1218 5.55379
0.329337 1218 5.5538
0.329143 1218 5.55393
0.32895 1218 5.55451
0.328757 1218 5.55468
0.328563 1218 5.5551
0.328563 1217 5.55542
0.328563 1216 5.55563
0.328563 1215 5.5557
0.32837 1215 5.55574
0.328176 1215 5.55578
0.328176 1214 5.55627
0.328176 1213 5.55635
0.327983 1213 5.55649
0.32779 1213 5.55655
0.327596 1212 5.55657
0.327403 1212 5.55668
0.327209 1212 5.55671
0.327016 1212 5.55685
0.326823 1212 5.55707
0.326823 1211 5.5574
0.326823 1210 5.55759
0.326629 1210 5.55822
0.326436 1210 5.5584
0.326243 1210 5.55853
0.326049 1210 5.55865
0.326049 1209 5.55869
0.325856 1209 5.55905
0.325662 1209 5.55913
0.325662 1208 5.55947
0.325469 1208 5.55986
0.325469 1207 5.55992
0.325276 1207 5.56021
0.325276 1206 5.56023
0.325082 1206 5.56026
0.324889 1206 5.56134
0.324695 1206 5.5614
0.324502 1206 5.56184
0.324502 1205 5.56206
0.324309 1205 5.56214
0.324115 1205 5.56216
0.324115 1204 5.56219
0.323922 1204 5.56231
0.323728 1204 5.5625
0.323535 1204 5.56252
0.323535 1203 5.5626
0.323342 1203 5.5627
0.323148 1203 5.5628
0.322955 1203 5.56305
0.322955 1202 5.56313
0.322762 1202 5.56315
0.322762 1201 5.56318
0.322762 1200 5.5633
0.322762 1199 5.56357
0.322762 1198 5.5637
0.322568 1198 5.56375
0.322375 1198 5.56388
0.322181 1198 5.56405
0.321988 1198 5.56422
0.321795 1198 5.56426
0.321795 1197 5.56454
0.321601 1197 5.56475
0.321408 1197 5.56527
0.321214 1197 5.56532
0.321214 1196 5.56535
0.321214 1195 5.56591
0.321021 1195 5.56605
0.320828 1195 5.56627
0.320634 1195 5.56661
0.320634 1194 5.56714
0.320634 1193 5.56715
0.320634 1192 5.56747
0.320441 1192 5.56752
0.320441 1191 5.56761
0.320248 1191 5.56765
0.320054 1190 5.5677
0.319861 1190 5.56777
0.319861 1189 5.56781
0.319861 1188 5.56791
0.319861 1187 5.56814
0.319861 1186 5.56824
0.319667 1186 5.56843
0.319474 1186 5.56845
0.319474 1185 5.56863
0.319281 1185 5.56864
0.319087 1185 5.56881
0.318894 1185 5.56903
0.3187 1185 5.56918
0.318507 1185 5.56922
0.318507 1184 5.56947
0.318314 1184 5.56948
0.31812 1184 5.56985
0.31812 1183 5.56992
0.31812 1182 5.57088
0.31812 1181 5.57103
0.317927 1181 5.57109
0.317734 1181 5.57158
0.317734 1180 5.57217
0.317734 1179 5.57225
0.317734 1178 5.57229
0.31754 1178 5.57239
0.317347 1178 5.57252
0.317347 1177 5.57257
0.317347 1176 5.57263
0.317153 1176 5.57268
0.317153 1175 5.57272
0.317153 1174 5.57341
0.317153 1173 5.57365
0.31696 1173 5.57377
0.31696 1172 5.57378
0.316767 1172 5.57381
0.316573 1172 5.57398
0.31638 1172 5.57421
0.31638 1171 5.57465
0.316186 1171 5.57499
0.315993 1171 5.57509
0.3158 1171 5.57515
0.315606 1171 5.57523
0.315606 1170 5.57539
0.315413 1169 5.57556
0.315413 1168 5.57563
0.315219 1168 5.57567
0.315219 1167 5.57665
0.315026 1167 5.57683
0.315026 1166 5.57717
0.315026 1165 5.57721
0.314833 1165 5.57739
0.314639 1165 5.57764
0.314639 1164 5.57772
0.314446 1164 5.57792
0.314446 1163 5.57798
0.314446 1162 5.57844
0.314253 1162 5.57889
0.314059 1162 5.57901
0.314059 1161 5.57935
0.314059 1160 5.57968
0.313866 1160 5.58006
0.313866 1159 5.58008
0.313672 1159 5.58009
0.313672 1158 5.58021
0.313672 1157 5.58023
0.313672 1156 5.58028
0.313672 1155 5.5803
0.313479 1155 5.58031
0.313286 1155 5.5804
0.313286 1154 5.58065
0.313286 1153 5.58096
0.313092 1153 5.58099
0.312899 1153 5.58164
0.312899 1152 5.58177
0.312705 1152 5.58225
0.312512 1152 5.58246
0.312512 1151 5.5825
0.312319 1151 5.58251
0.312319 1150 5.58266
0.312319 1149 5.58287
0.312125 1149 5.58294
0.311932 1149 5.58297
0.311739 1149 5.58316
0.311545 1149 5.58318
0.311352 1149 5.58319
0.311158 1149 5.5832
0.311158 1148 5.58338
0.310965 1148 5.58342
0.310772 1148 5.5835
0.310578 1148 5.58357
0.310578 1147 5.58387
0.310385 1147 5.5839
0.310191 1147 5.58391
0.309998 1147 5.58446
0.309998 1146 5.58449
0.309805 1146 5.58458
0.309611 1146 5.58547
0.309611 1145 5.58559
0.309418 1145 5.58566
0.309225 1145 5.58581
0.309031 1145 5.58591
0.309031 1144 5.58605
0.309031 1143 5.58622
0.308838 1143 5.58623
0.308838 1141 5.58636
0.308644 1141 5.58647
0.308451 1141 5.58656
0.308258 1141 5.58672
0.308064 1141 5.58695
0.307871 1141 5.5873
0.307871 1140 5.58759
0.307871 1139 5.58762
0.307871 1138 5.58785
0.307677 1138 5.58796
0.307677 1137 5.58798
0.307291 1137 5.58806
0.307291 1136 5.58811
0.307097 1136 5.58819
0.306904 1136 5.58846
0.306711 1136 5.58854
0.306517 1136 5.58867
0.306517 1135 5.58876
0.306324 1135 5.58883
0.306324 1134 5.58887
0.30613 1134 5.58895
0.30613 1133 5.58903
0.305937 1133 5.58926
0.305744 1133 5.58942
0.30555 1133 5.58965
0.305357 1133 5.58996
0.305163 1133 5.59022
0.305163 1132 5.5903
0.30497 1132 5.59047
0.304777 1132 5.59081
0.304777 1131 5.59129
0.304777 1130 5.59139
0.304583 1130 5.5917
0.304583 1129 5.59177
0.30439 1129 5.59181
0.304196 1129 5.59182
0.304196 1128 5.59185
0.304196 1127 5.59188
0.304196 1126 5.59196
0.304003 1126 5.59217
0.304003 1125 5.59225
0.30381 1125 5.59233
0.303616 1125 5.59245
0.30323 1125 5.59289
0.303036 1125 5.59321
0.302843 1125 5.59336
0.302649 1125 5.59358
0.302649 1124 5.59475
0.302649 1123 5.59486
0.302649 1122 5.5952
0.302649 1121 5.59528
0.302649 1120 5.59572
0.302456 1120 5.59575
0.302456 1119 5.59592
0.302069 1119 5.59613
0.301876 1119 5.59614
0.301876 1118 5.59617
0.301682 1118 5.59642
0.301489 1118 5.59666
0.301296 1118 5.59671
0.301102 1118 5.59681
0.301102 1117 5.59688
0.301102 1116 5.59701
0.301102 1115 5.59706
0.300909 1115 5.59714
0.300716 1115 5.59734
0.300716 1114 5.5975
0.300716 1113 5.59782
0.300522 1113 5.59842
0.300522 1112 5.59848
0.300329 1112 5.5985
0.300135 1112 5.59868
0.299942 1112 5.59899
0.299942 1111 5.5991
0.299749 1111 5.59918
0.299555 1111 5.59938
0.299555 1110 5.59942
0.299362 1110 5.59946
0.299362 1109 5.59947
0.299362 1108 5.5997
0.299168 1108 5.59998
0.298975 1108 5.60012
0.298782 1108 5.60013
0.298588 1108 5.60022
0.298588 1107 5.60031
0.298588 1106 5.60036
0.298588 1105 5.60084
0.298395 1105 5.60099
0.298202 1105 5.60103
0.298008 1105 5.60156
0.297815 1105 5.6018
0.297815 1104 5.60191
0.297621 1104 5.60206
0.297428 1104 5.60247
0.297235 1104 5.60268
0.297041 1104 5.60275
0.296654 1104 5.60282
0.296654 1103 5.60384
0.296461 1103 5.60396
0.296461 1102 5.604
0.296461 1101 5.60402
0.296461 1100 5.60417
0.296268 1099 5.60422
0.296074 1099 5.6043
0.296074 1098 5.60463
0.296074 1097 5.60502
0.295881 1097 5.60506
0.295687 1097 5.60513
0.295687 1096 5.60524
0.295494 1096 5.60525
0.295494 1095 5.60541
0.295494 1094 5.60552
0.295494 1093 5.60574
0.295301 1093 5.60637
0.295107 1093 5.60641
0.295107 1092 5.60682
0.295107 1091 5.60709
0.294914 1091 5.60727
0.294721 1091 5.6073
0.294527 1091 5.60752
0.294334 1091 5.60761
0.293947 1091 5.60768
0.293754 1091 5.60803
0.29356 1091 5.60811
0.293367 1091 5.60846
0.293173 1091 5.60852
0.29298 1091 5.60862
0.292787 1091 5.60863
0.292593 1091 5.60866
0.292593 1090 5.60878
0.2924 1090 5.60893
0.2924 1089 5.60921
0.2924 1088 5.60931
0.292207 1088 5.60985
0.292013 1088 5.6099
0.292013 1087 5.6101
0.292013 1086 5.61025
0.292013 1085 5.61036
0.29182 1085 5.61057
0.29182 1084 5.61066
0.29182 1083 5.61072
0.291626 1083 5.6108
0.291626 1082 5.61085
0.291626 1081 5.61088
0.291626 1080 5.61097
0.291626 1079 5.611
0.291626 1078 5.61102
0.291433 1078 5.61128
0.29124 1078 5.61193
0.29124 1077 5.61216
0.29124 1076 5.61217
0.291046 1076 5.61248
0.290853 1076 5.61255
0.290659 1076 5.61263
0.290466 1076 5.61295
0.290466 1075 5.61302
0.290273 1075 5.6132
0.290079 1075 5.6133
0.289886 1075 5.61348
0.289886 1074 5.61398
0.289693 1074 5.61401
0.289499 1074 5.61409
0.289306 1074 5.61414
0.289112 1074 5.61421
0.288919 1074 5.61443
0.288919 1073 5.61462
0.288919 1072 5.61497
0.288726 1072 5.61499
0.288532 1072 5.61502
0.288532 1071 5.61525
0.288532 1070 5.61534
0.288339 1070 5.61561
0.288339 1069 5.61587
0.288145 1069 5.61617
0.287952 1069 5.61645
0.287952 1068 5.61652
0.287759 1068 5.61781
0.287565 1068 5.61867
0.287372 1068 5.61876
0.287372 1067 5.61879
0.287178 1067 5.61892
0.286985 1067 5.61965
0.286792 1067 5.61972
0.286598 1067 5.61975
0.286598 1066 5.6198
0.286405 1066 5.61992
0.286212 1066 5.62016
0.286018 1066 5.62017
0.286018 1065 5.6202
0.285825 1065 5.62045
0.285631 1065 5.62067
0.285631 1064 5.62073
0.285631 1063 5.621
0.285438 1063 5.62106
0.285245 1063 5.62107
0.285051 1063 5.6213
0.285051 1062 5.62139
0.285051 1061 5.62151
0.284858 1061 5.62183
0.284858 1060 5.62209
0.284858 1059 5.62215
0.284858 1058 5.62233
0.284664 1058 5.62246
0.284471 1058 5.62266
0.284471 1057 5.62267
0.284471 1056 5.62275
0.284471 1055 5.62311
0.284278 1055 5.6235
0.284084 1055 5.62368
0.283891 1055 5.62376
0.283891 1054 5.62393
0.283891 1053 5.62408
0.283891 1052 5.62409
0.283698 1052 5.62417
0.283504 1052 5.6242
0.283311 1052 5.62422
0.283117 1052 5.62446
0.283117 1051 5.62456
0.283117 1050 5.62468
0.283117 1049 5.62472
0.283117 1048 5.62502
0.282924 1048 5.62552
0.282924 1047 5.62578
0.282731 1047 5.62579
0.282537 1047 5.6259
0.282537 1046 5.62619
0.282344 1046 5.62653
0.28215 1046 5.62659
0.281957 1046 5.62662
0.281957 1045 5.62687
0.281764 1045 5.62688
0.28157 1045 5.62771
0.28157 1044 5.62787
0.281377 1044 5.62849
0.281184 1044 5.62869
0.28099 1043 5.62873
0.280797 1043 5.62887
0.280603 1043 5.6289
0.28041 1043 5.62894
0.280217 1043 5.6291
0.280217 1042 5.62924
0.280217 1041 5.62948
0.280217 1040 5.62955
0.280023 1040 5.6297
0.280023 1039 5.6302
0.280023 1038 5.63023
0.280023 1037 5.63024
0.280023 1036 5.63061
0.27983 1036 5.63187
0.27983 1035 5.63188
0.27983 1034 5.63218
0.27983 1032 5.63239
0.27983 1031 5.63243
0.279636 1031 5.63246
0.279443 1031 5.63255
0.279443 1030 5.63273
0.279443 1029 5.6328
0.27925 1029 5.63282
0.279056 1029 5.63284
0.278863 1029 5.63288
0.278863 1028 5.63296
0.278863 1027 5.63299
0.27867 1027 5.63303
0.278476 1027 5.63336
0.278476 1026 5.63361
0.278476 1025 5.63367
0.278476 1024 5.63396
0.278283 1024 5.63398
0.278089 1024 5.63401
0.278089 1023 5.63441
0.277896 1023 5.63454
0.277703 1023 5.63494
0.277703 1022 5.63498
0.277703 1021 5.63516
0.277509 1021 5.6353
0.277509 1020 5.63547
0.277509 1019 5.63551
0.277509 1018 5.63558
0.277509 1017 5.6358
0.277509 1016 5.63618
0.277509 1015 5.63619
0.277509 1014 5.63643
0.277316 1014 5.63655
0.277122 1014 5.63688
0.276929 1014 5.63697
0.276736 1014 5.6371
0.276736 1013 5.63729
0.276736 1012 5.63742
0.276542 1012 5.6377
0.276349 1012 5.63801
0.276155 1012 5.63834
0.275962 1012 5.6384
0.275962 1011 5.63891
0.275962 1010 5.63919
0.275769 1010 5.63961
0.275769 1009 5.63963
0.275575 1009 5.63973
0.275575 1008 5.63979
0.275382 1008 5.64005
0.275382 1007 5.64033
0.275189 1007 5.64036
0.274995 1007 5.64064
0.274802 1007 5.64079
0.274608 1007 5.6408
0.274415 1007 5.64107
0.274415 1006 5.64136
0.274222 1006 5.64142
0.274222 1005 5.64185
0.274222 1004 5.64191
0.274222 1003 5.64212
0.274222 1002 5.64219
0.274222 1001 5.64241
0.274222 1000 5.64313
0.274222 999 5.64341
0.274222 998 5.64344
0.274028 998 5.64364
0.274028 997 5.64392
0.273835 997 5.64401
0.273641 997 5.64403
0.273448 997 5.64417
0.273448 996 5.64425
0.273255 996 5.64442
0.273255 995 5.64447
0.273061 995 5.64455
0.273061 994 5.64468
0.273061 993 5.64495
0.273061 992 5.64496
0.272868 992 5.64504
0.272868 991 5.6451
0.272868 990 5.64542
0.272675 990 5.64617
0.272675 989 5.64668
0.272675 988 5.64736
0.272675 987 5.64775
0.272481 987 5.64789
0.272288 987 5.64816
0.272094 987 5.64839
0.271901 987 5.64844
0.271708 987 5.64846
0.271708 986 5.6485
0.271514 986 5.64859
0.271321 986 5.64871
0.271127 985 5.64889
0.271127 984 5.64905
0.271127 983 5.64908
0.270934 983 5.64914
0.270741 983 5.64946
0.270547 983 5.6496
0.270547 982 5.64975
0.270354 982 5.64991
0.270161 982 5.64999
0.270161 981 5.65012
0.269967 981 5.65022
0.269967 980 5.65024
0.269967 979 5.65035
0.269774 978 5.65072
0.26958 978 5.65099
0.269387 978 5.65104
0.269194 978 5.65115
0.269 978 5.65116
0.269 977 5.65146
0.269 976 5.65194
0.269 974 5.65195
0.268807 974 5.65196
0.268613 974 5.65215
0.268613 973 5.65224
0.268613 972 5.65235
0.26842 972 5.65249
0.26842 971 5.65282
0.268227 971 5.65321
0.268227 970 5.65331
0.268033 970 5.65348
0.26784 970 5.65349
0.267646 970 5.65354
0.267453 970 5.65358
0.26726 970 5.65367
0.267066 970 5.65369
0.267066 969 5.65378
0.266873 969 5.65383
0.266873 968 5.65387
0.26668 968 5.65388
0.266486 968 5.65409
0.266486 967 5.65415
0.266486 966 5.65425
0.266486 965 5.65479
0.266486 964 5.6548
0.266486 963 5.6549
0.266293 963 5.6552
0.266099 963 5.65524
0.266099 962 5.65536
0.265906 962 5.65545
0.265906 961 5.65546
0.265713 961 5.65551
0.265519 961 5.65576
0.265326 961 5.65588
0.265132 961 5.65603
0.265132 960 5.65605
0.265132 959 5.6562
0.264939 959 5.65636
0.264939 958 5.65642
0.264939 957 5.65669
0.264746 957 5.65679
0.264552 957 5.65702
0.264359 957 5.65708
0.264166 957 5.65715
0.264166 956 5.65729
0.263972 956 5.65731
0.263779 956 5.65746
0.263779 955 5.65807
0.263585 955 5.65808
0.263585 954 5.65823
0.263585 953 5.65841
0.263392 953 5.65879
0.263199 953 5.6589
0.263005 953 5.65902
0.263005 952 5.65931
0.262812 952 5.65972
0.262618 952 5.65988
0.262425 952 5.66013
0.262232 952 5.66028
0.262232 951 5.66035
0.262038 951 5.66074
0.262038 950 5.66078
0.262038 949 5.66082
0.262038 948 5.66084
0.262038 947 5.66097
0.261845 947 5.66145
0.261845 946 5.66154
0.261845 945 5.66159
0.261652 945 5.66162
0.261458 945 5.66187
0.261458 944 5.66218
0.261458 943 5.66221
0.261458 942 5.66222
0.261265 942 5.66242
0.261071 942 5.6626
0.260878 942 5.66286
0.260685 942 5.66295
0.260491 942 5.66296
0.260491 941 5.66313
0.260298 941 5.66335
0.260104 941 5.6639
0.259911 941 5.66393
0.259718 941 5.66395
0.259524 941 5.66417
0.259524 940 5.66437
0.259331 940 5.66465
0.259137 940 5.66467
0.258944 940 5.66482
0.258751 940 5.66496
0.258557 940 5.66505
0.258557 939 5.66535
0.258364 939 5.66538
0.258364 938 5.66546
0.258171 937 5.66565
0.257977 937 5.66568
0.257977 936 5.66578
0.257977 935 5.66609
0.257977 934 5.66668
0.257977 933 5.66676
0.257784 933 5.66727
0.25759 933 5.66767
0.25759 932 5.66774
0.25759 931 5.66783
0.257397 931 5.66786
0.257204 931 5.66799
0.25701 931 5.66847
0.25701 930 5.66848
0.256623 930 5.66883
0.25643 930 5.6689
0.25643 929 5.66917
0.25643 928 5.66921
0.256237 928 5.66931
0.256237 927 5.66989
0.256043 927 5.67053
0.256043 926 5.67098
0.25585 926 5.67135
0.25585 925 5.67151
0.255657 925 5.67155
0.255657 924 5.67169
0.255657 923 5.67201
0.255463 923 5.6724
0.255463 922 5.67286
0.25527 922 5.67359
0.255076 922 5.674
0.255076 921 5.67431
0.254883 921 5.67438
0.25469 921 5.67456
0.254496 921 5.67489
0.254496 920 5.67491
0.254496 919 5.67498
0.254303 919 5.67525
0.254109 919 5.67526
0.254109 918 5.67539
0.254109 917 5.67541
0.253916 917 5.67545
0.253723 917 5.67561
0.253529 917 5.67565
0.253529 916 5.67573
0.253143 916 5.67618
0.253143 915 5.67662
0.252949 915 5.67667
0.252949 914 5.67674
0.252949 913 5.67677
0.252756 913 5.67683
0.252562 913 5.67788
0.252369 913 5.67795
0.252176 912 5.67891
0.251982 912 5.67927
0.251982 911 5.6795
0.251789 911 5.67981
0.251595 911 5.67993
0.251209 911 5.67999
0.251209 910 5.68021
0.251015 910 5.68051
0.251015 909 5.68061
0.251015 908 5.68085
0.250822 908 5.68272
0.250629 908 5.68291
0.250435 908 5.683
0.250242 908 5.68363
0.250048 908 5.68372
0.250048 907 5.68373
0.250048 906 5.68384
0.250048 905 5.68396
0.249855 905 5.6845
0.249662 905 5.68479
0.249468 905 5.68556
0.249275 905 5.68615
0.249275 904 5.68626
0.249081 904 5.68646
0.249081 903 5.68647
0.248888 903 5.68672
0.248695 903 5.68679
0.248501 903 5.68697
0.248308 903 5.68707
0.248114 903 5.68735
0.247921 903 5.68745
0.247728 903 5.68751
0.247728 902 5.68755
0.247534 902 5.68777
0.247534 901 5.6881
0.247341 901 5.68816
0.247148 901 5.68856
0.246954 901 5.68884
0.246567 901 5.68896
0.246374 900 5.68907
0.246374 899 5.68908
0.246181 899 5.68936
0.246181 898 5.68937
0.245987 898 5.68949
0.245794 898 5.68958
0.2456 898 5.68962
0.245407 898 5.68982
0.245214 898 5.69013
0.245214 897 5.69068
0.24502 897 5.69095
0.244827 897 5.69105
0.244827 896 5.69131
0.244634 896 5.69154
0.244634 895 5.69168
0.24444 895 5.69206
0.244247 895 5.69249
0.244247 894 5.6926
0.244053 894 5.69283
0.24386 894 5.69286
0.24386 893 5.69318
0.243667 893 5.69339
0.243473 893 5.69344
0.243473 892 5.69345
0.243473 891 5.69346
0.24328 891 5.69365
0.24328 890 5.69376
0.243086 890 5.69389
0.243086 889 5.69393
0.242893 889 5.69456
0.2427 889 5.69466
0.242506 889 5.69467
0.242313 889 5.69481
0.242313 888 5.6951
0.24212 888 5.69523
0.241926 888 5.69528
0.241733 888 5.69529
0.241733 887 5.69535
0.241539 887 5.6956
0.241346 887 5.69564
0.241153 887 5.69571
0.241153 886 5.69579
0.240959 886 5.69583
0.240766 886 5.69608
0.240572 886 5.69612
0.240379 886 5.69613
0.240186 886 5.69636
0.239992 886 5.69649
0.239799 886 5.69676
0.239799 885 5.6971
0.239605 885 5.69729
0.239412 885 5.69732
0.239412 884 5.69755
0.239412 883 5.69756
0.239219 883 5.69811
0.239025 883 5.69812
0.238832 883 5.69877
0.238832 882 5.69884
0.238832 881 5.69908
0.238832 880 5.69915
0.238639 880 5.69928
0.238445 880 5.69964
0.238252 880 5.69983
0.238252 879 5.69998
0.238058 879 5.70005
0.237865 879 5.70014
0.237865 878 5.70032
0.237672 878 5.70039
0.237478 878 5.70068
0.237285 878 5.70168
0.237091 878 5.7017
0.236898 878 5.70172
0.236898 877 5.70186
0.236705 877 5.70204
0.236705 876 5.70233
0.236705 875 5.7026
0.236511 875 5.70278
0.236318 875 5.70282
0.236318 874 5.70345
0.236318 873 5.70353
0.236125 873 5.70384
0.235931 873 5.70425
0.235931 872 5.70434
0.235931 871 5.70459
0.235931 870 5.70468
0.235738 870 5.70479
0.235544 870 5.70483
0.235544 869 5.70509
0.235351 869 5.70558
0.235158 869 5.70564
0.234964 869 5.70586
0.234964 868 5.70601
0.234771 868 5.70604
0.234771 867 5.70613
0.234577 867 5.70626
0.234384 867 5.70645
0.234191 867 5.70684
0.233997 867 5.70694
0.233804 867 5.70712
0.233804 866 5.70715
0.233611 866 5.7072
0.233611 865 5.70746
0.233611 864 5.70749
0.233417 864 5.70774
0.233417 863 5.70787
0.233224 863 5.70815
0.23303 863 5.70822
0.232837 863 5.70839
0.232837 862 5.70885
0.232644 862 5.70886
0.232644 861 5.70911
0.232644 860 5.70912
0.23245 860 5.70938
0.232257 860 5.70967
0.232063 860 5.70979
0.23187 860 5.70987
0.23187 859 5.71074
0.23187 858 5.71079
0.231677 858 5.71084
0.231677 857 5.71106
0.231483 857 5.7112
0.23129 857 5.71132
0.23129 856 5.71163
0.231096 856 5.71165
0.231096 855 5.71192
0.230903 855 5.71195
0.23071 855 5.71201
0.23071 854 5.7121
0.23071 853 5.71215
0.230516 853 5.71216
0.230516 852 5.71245
0.230323 852 5.71313
0.230323 851 5.71332
0.230323 850 5.71352
0.23013 850 5.71373
0.229936 850 5.71408
0.229743 850 5.71419
0.229549 850 5.71452
0.229356 850 5.71482
0.229163 850 5.71486
0.228969 850 5.71506
0.228969 849 5.71509
0.228969 848 5.71514
0.228776 848 5.71526
0.228582 848 5.71537
0.228582 847 5.71573
0.228389 847 5.71576
0.228196 847 5.71585
0.228002 847 5.7159
0.227809 847 5.71596
0.227616 847 5.71638
0.227422 847 5.71655
0.227422 846 5.71697
0.227229 846 5.71708
0.227035 845 5.71769
0.226842 845 5.71783
0.226649 845 5.71788
0.226649 844 5.71819
0.226649 843 5.71858
0.226455 843 5.71881
0.226455 842 5.71891
0.226262 842 5.71897
0.226262 841 5.71942
0.226068 841 5.71944
0.225875 841 5.71978
0.225682 841 5.71995
0.225488 841 5.72019
0.225295 841 5.72058
0.225295 840 5.72087
0.225102 840 5.72095
0.224908 840 5.72096
0.224908 839 5.72097
0.224908 838 5.72115
0.224715 838 5.72122
0.224521 838 5.72133
0.224521 837 5.72163
0.224328 837 5.72185
0.224328 836 5.72188
0.224135 836 5.72194
0.223941 836 5.72217
0.223748 836 5.7223
0.223554 836 5.72237
0.223361 836 5.72327
0.223168 836 5.72329
0.222781 836 5.7234
0.222588 836 5.72346
0.222588 835 5.72357
0.222394 835 5.72361
0.222201 835 5.72378
0.222201 834 5.72379
0.222201 833 5.724
0.222201 832 5.72445
0.221814 832 5.72535
0.221427 832 5.72554
0.221427 831 5.72556
0.221234 831 5.72562
0.221234 830 5.72572
0.22104 830 5.72573
0.22104 829 5.72621
0.220847 829 5.7265
0.220654 829 5.72695
0.220654 828 5.72704
0.22046 828 5.7273
0.220267 828 5.72735
0.220267 827 5.72737
0.220073 827 5.72807
0.21988 827 5.72824
0.219687 827 5.72839
0.219493 827 5.72847
0.2193 827 5.7285
0.2193 826 5.72892
0.2193 825 5.72897
0.2193 824 5.72899
0.2193 823 5.72918
0.219107 823 5.72922
0.219107 822 5.72937
0.219107 821 5.72947
0.218913 821 5.72973
0.218913 820 5.72974
0.21872 820 5.72978
0.218526 820 5.73004
0.218333 820 5.73032
0.21814 820 5.73139
0.21814 819 5.73165
0.21814 818 5.73171
0.217946 818 5.73202
0.217753 818 5.73209
0.217559 818 5.73303
0.217366 818 5.73307
0.217173 818 5.73309
0.217173 817 5.73312
0.217173 816 5.73342
0.217173 815 5.73396
0.216979 814 5.73399
0.216786 814 5.73408
0.216786 813 5.73447
0.216786 812 5.73484
0.216786 811 5.73489
0.216786 810 5.735
0.216593 810 5.73524
0.216593 809 5.73589
0.216399 809 5.73593
0.216399 808 5.73611
0.216206 808 5.73612
0.216012 808 5.73618
0.215819 808 5.73631
0.215626 808 5.73647
0.215626 807 5.73655
0.215432 807 5.73657
0.215432 806 5.73664
0.215432 805 5.73689
0.215239 805 5.73734
0.215239 804 5.73782
0.215045 804 5.73783
0.215045 803 5.73786
0.214852 803 5.73787
0.214659 803 5.73834
0.214465 803 5.73889
0.214272 803 5.7389
0.214272 802 5.73899
0.214272 801 5.73908
0.214079 801 5.73939
0.213885 801 5.73942
0.213692 801 5.73975
0.213692 800 5.74007
0.213498 800 5.74034
0.213305 800 5.74045
0.213112 800 5.74048
0.212918 800 5.74084
0.212725 800 5.74148
0.212531 800 5.74174
0.212531 799 5.74187
0.212531 798 5.74202
0.212338 798 5.74262
0.212338 797 5.74264
0.212338 796 5.74274
0.212338 795 5.74301
0.212145 795 5.74323
0.211951 795 5.74337
0.211951 794 5.74347
0.211951 793 5.7436
0.211758 793 5.74366
0.211564 793 5.7437
0.211371 793 5.74476
0.211371 792 5.74501
0.211178 792 5.74545
0.211178 791 5.74549
0.210984 791 5.74551
0.210791 791 5.74641
0.210791 789 5.74678
0.210791 788 5.7468
0.210791 787 5.7469
0.210598 787 5.74693
0.210598 786 5.74708
0.210404 786 5.74726
0.210211 786 5.74727
0.210017 786 5.74732
0.210017 785 5.74743
0.209824 785 5.74767
0.209631 785 5.74814
0.209437 785 5.74818
0.209244 785 5.74848
0.20905 785 5.74865
0.208857 785 5.74935
0.208664 785 5.7507
0.20847 785 5.75085
0.208277 785 5.75095
0.208084 785 5.75131
0.20789 785 5.7514
0.20789 784 5.75142
0.20789 783 5.75187
0.20789 782 5.75197
0.20789 781 5.75201
0.207697 781 5.75202
0.207697 780 5.75217
0.207503 780 5.75224
0.207503 779 5.75235
0.20731 779 5.75245
0.20731 778 5.75291
0.207117 778 5.75306
0.206923 778 5.75338
0.20673 778 5.75342
0.206536 778 5.75344
0.206536 777 5.75347
0.206343 777 5.7535
0.206343 776 5.7537
0.20615 776 5.75382
0.20615 775 5.75388
0.20615 774 5.75404
0.20615 773 5.75405
0.205956 773 5.75447
0.205763 773 5.75454
0.20557 773 5.75485
0.205376 773 5.75497
0.205376 772 5.75507
0.205376 771 5.7552
0.205376 770 5.75588
0.205183 770 5.75634
0.204989 770 5.75637
0.204796 770 5.75649
0.204796 769 5.75661
0.204796 768 5.75695
0.204796 767 5.757
0.204603 767 5.7572
0.204409 767 5.75753
0.204216 767 5.7577
0.204022 767 5.75804
0.203829 767 5.75832
0.203636 767 5.75835
0.203442 767 5.75842
0.203249 767 5.75875
0.203249 766 5.75938
0.203249 765 5.76011
0.203056 765 5.76012
0.203056 764 5.76113
0.203056 763 5.76114
0.203056 762 5.76117
0.203056 761 5.76128
0.202862 761 5.76137
0.202862 760 5.76152
0.202862 759 5.76154
0.202862 758 5.76179
0.202862 757 5.76194
0.202669 757 5.76196
0.202475 757 5.7621
0.202282 757 5.76225
0.202282 756 5.76249
0.202089 756 5.76255
0.202089 755 5.76296
0.201895 755 5.76299
0.201702 755 5.76321
0.201702 754 5.76327
0.201702 753 5.76335
0.201508 753 5.7634
0.201315 753 5.76375
0.201315 752 5.76401
0.201122 752 5.76473
0.200928 752 5.76477
0.200735 752 5.76537
0.200735 751 5.76553
0.200541 751 5.76554
0.200541 750 5.76594
0.200348 750 5.76606
0.200155 750 5.76615
0.199961 750 5.76646
0.199768 750 5.76706
0.199575 750 5.76712
0.199381 750 5.76719
0.199188 750 5.76745
0.198994 750 5.76785
0.198994 749 5.76787
0.198994 748 5.76818
0.198801 748 5.76839
0.198608 748 5.7684
0.198414 748 5.76855
0.198221 748 5.76858
0.198221 747 5.7688
0.198027 747 5.76894
0.197834 747 5.76923
0.197641 747 5.76969
0.197447 747 5.77021
0.197447 745 5.77024
0.197447 744 5.77036
0.197447 743 5.77048
0.197254 743 5.77068
0.197061 743 5.77069
0.196867 743 5.77137
0.196674 743 5.77147
0.19648 743 5.77209
0.196287 743 5.77233
0.196094 743 5.77278
0.1959 743 5.77279
0.1959 742 5.77307
0.1959 741 5.77311
0.195707 741 5.77354
0.195513 741 5.77359
0.19532 741 5.7741
0.19532 739 5.77414
0.195127 739 5.77446
0.194933 739 5.77482
0.19474 739 5.77518
0.194547 739 5.77532
0.194353 739 5.77548
0.19416 739 5.77562
0.193966 739 5.77571
0.193966 738 5.77597
0.193773 738 5.77608
0.19358 738 5.77629
0.193386 738 5.77676
0.193386 737 5.77694
0.193193 737 5.77699
0.192999 737 5.7772
0.192806 737 5.77722
0.192613 737 5.77818
0.192419 737 5.77822
0.192419 736 5.77832
0.192226 736 5.77834
0.192032 736 5.77869
0.192032 735 5.77995
0.192032 734 5.78016
0.192032 733 5.78032
0.191839 733 5.78041
0.191646 733 5.78054
0.191452 733 5.7806
0.191259 733 5.78212
0.191066 733 5.78213
0.191066 732 5.7823
0.190872 732 5.78236
0.190679 732 5.78238
0.190485 732 5.78258
0.190485 731 5.78261
0.190485 730 5.78264
0.190292 730 5.78287
0.190292 729 5.78316
0.190099 729 5.78346
0.190099 728 5.7835
0.190099 727 5.78378
0.189905 727 5.78396
0.189905 726 5.78398
0.189712 726 5.7841
0.189712 725 5.78412
0.189712 724 5.78442
0.189518 724 5.78472
0.189518 723 5.78514
0.189325 723 5.78567
0.189325 722 5.78583
0.189325 721 5.78593
0.189132 721 5.7863
0.189132 720 5.78631
0.188938 720 5.78645
0.188745 720 5.78649
0.188745 719 5.78664
0.188552 719 5.78703
0.188552 718 5.78736
0.188552 717 5.78793
0.188358 717 5.78798
0.188358 716 5.78822
0.188165 716 5.78837
0.188165 715 5.7884
0.187971 715 5.78934
0.187971 714 5.78937
0.187971 713 5.78938
0.187971 712 5.78948
0.187971 711 5.78949
0.187971 710 5.78955
0.187778 710 5.78983
0.187585 710 5.78996
0.187391 710 5.79055
0.187391 709 5.79119
0.187198 709 5.79137
0.187198 708 5.79142
0.187198 707 5.79146
0.187004 707 5.79171
0.186811 707 5.79236
0.186811 706 5.79298
0.186618 706 5.79336
0.186424 706 5.79366
0.186424 705 5.79431
0.186231 705 5.7948
0.186038 705 5.79486
0.186038 704 5.79496
0.185844 704 5.79509
0.185844 703 5.79538
0.185844 702 5.79551
0.185844 701 5.79569
0.185651 701 5.79583
0.185651 700 5.79606
0.185457 700 5.79699
0.185457 699 5.79714
0.185457 698 5.79719
0.185264 698 5.79735
0.185264 697 5.79782
0.185264 696 5.79822
0.185264 695 5.79837
0.185071 695 5.79905
0.184877 695 5.79926
0.184877 694 5.79934
0.184877 693 5.79968
0.184684 693 5.7999
0.18449 693 5.80042
0.18449 692 5.80077
0.184297 692 5.8015
0.184104 692 5.80168
0.184104 691 5.80202
0.184104 690 5.80336
0.184104 689 5.80365
0.18391 689 5.80371
0.18391 688 5.80439
0.183717 688 5.80467
0.183523 688 5.80473
0.183523 687 5.80474
0.183523 686 5.80497
0.183523 685 5.80574
0.18333 685 5.80575
0.183137 685 5.80592
0.182943 685 5.80599
0.182943 684 5.80627
0.18275 684 5.80635
0.18275 683 5.80637
0.18275 682 5.80642
0.18275 681 5.8067
0.18275 680 5.80686
0.182557 679 5.80694
0.182557 678 5.80695
0.182557 677 5.8072
0.182363 677 5.80789
0.18217 677 5.80803
0.181976 677 5.80919
0.181783 677 5.81093
0.18159 677 5.81154
0.181396 677 5.8121
0.181203 677 5.81229
0.181009 677 5.81303
0.181009 676 5.81332
0.181009 675 5.8135
0.181009 674 5.81381
0.180816 674 5.81591
0.180623 674 5.81626
0.180429 674 5.81635
0.180429 673 5.81642
0.180236 673 5.81686
0.180043 673 5.81693
0.179849 673 5.81701
0.179849 672 5.8172
0.179656 672 5.81745
0.179462 672 5.81746
0.179269 672 5.81795
0.179076 672 5.81799
0.178882 672 5.81813
0.178689 672 5.81821
0.178689 671 5.81822
0.178689 670 5.81826
0.178495 670 5.81839
0.178495 669 5.8188
0.178495 668 5.81883
0.178495 667 5.81886
0.178302 667 5.81902
0.178109 667 5.8194
0.178109 666 5.81973
0.177915 666 5.82064
0.177722 666 5.8215
0.177722 665 5.82157
0.177529 665 5.82184
0.177335 664 5.82298
0.177335 663 5.82403
0.177335 662 5.82406
0.177335 661 5.82476
0.177142 661 5.82484
0.177142 660 5.82493
0.176948 660 5.82509
0.176755 660 5.82556
0.176562 660 5.82621
0.176368 660 5.82692
0.176175 660 5.82734
0.175981 660 5.8281
0.175788 660 5.82824
0.175788 659 5.82847
0.175595 659 5.82861
0.175595 658 5.82917
0.175595 657 5.82956
0.175401 657 5.82992
0.175401 656 5.83058
0.175401 655 5.83091
0.175401 654 5.83093
0.175208 654 5.83106
0.175015 654 5.83138
0.174821 654 5.83174
0.174821 653 5.83191
0.174821 652 5.83209
0.174821 651 5.83211
0.174821 650 5.83213
0.174628 650 5.83238
0.174434 650 5.83251
0.174434 649 5.83267
0.174241 649 5.83286
0.174048 649 5.8329
0.174048 648 5.83367
0.173854 648 5.83407
0.173854 647 5.83426
0.173661 647 5.8348
0.173467 647 5.83535
0.173274 647 5.83539
0.173081 647 5.83551
0.172887 647 5.8356
0.172694 647 5.83577
0.1725 647 5.83582
0.1725 646 5.83606
0.1725 645 5.83626
0.1725 644 5.83635
0.1725 643 5.83681
0.1725 642 5.83748
0.1725 641 5.83821
0.1725 640 5.83844
0.1725 639 5.83883
0.172307 639 5.83893
0.172114 639 5.83941
0.172114 638 5.83964
0.172114 637 5.83983
0.17192 637 5.84021
0.171727 637 5.84056
0.171727 636 5.84105
0.171534 636 5.84155
0.17134 636 5.84223
0.171147 636 5.84243
0.170953 636 5.84258
0.17076 636 5.84269
0.17076 635 5.84275
0.170567 635 5.84276
0.170567 634 5.84286
0.170567 633 5.8432
0.170373 633 5.84322
0.17018 633 5.84361
0.17018 632 5.84386
0.17018 631 5.84393
0.169986 631 5.844
0.169986 630 5.84445
0.169986 629 5.84489
0.169793 629 5.8452
0.1696 629 5.84538
0.169406 629 5.84544
0.169213 629 5.84562
0.16902 629 5.84619
0.16902 628 5.84636
0.168826 628 5.84664
0.168826 627 5.84697
0.168633 627 5.84702
0.168439 627 5.84728
0.168246 627 5.84741
0.168053 627 5.84771
0.168053 626 5.84774
0.168053 625 5.84793
0.167859 625 5.84821
0.167666 625 5.84905
0.167472 625 5.84916
0.167472 624 5.84934
0.167279 624 5.84935
0.167086 624 5.84969
0.166892 624 5.84996
0.166699 624 5.85001
0.166506 624 5.85007
0.166312 624 5.85039
0.166119 624 5.85056
0.166119 623 5.8507
0.165925 623 5.85144
0.165925 622 5.85148
0.165925 621 5.85191
0.165732 621 5.85204
0.165539 621 5.85223
0.165345 621 5.85239
0.165345 620 5.85242
0.165152 620 5.85243
0.164958 620 5.85255
0.164958 619 5.85428
0.164958 618 5.85446
0.164765 618 5.85469
0.164572 618 5.85495
0.164378 618 5.85563
0.164185 618 5.85564
0.164185 617 5.85602
0.163991 617 5.85612
0.163798 617 5.85671
0.163798 616 5.85696
0.163798 615 5.8575
0.163605 614 5.8576
0.163411 614 5.85788
0.163218 614 5.85803
0.163218 613 5.85843
0.163025 613 5.85865
0.162831 613 5.85916
0.162831 612 5.85917
0.162638 612 5.85934
0.162638 611 5.85942
0.162638 610 5.8595
0.162444 610 5.86029
0.162251 610 5.86062
0.162058 610 5.86097
0.162058 609 5.86133
0.162058 608 5.86136
0.161864 608 5.86175
0.161864 607 5.86177
0.161864 606 5.86189
0.161671 606 5.86205
0.161671 605 5.86348
0.161671 604 5.86371
0.161477 604 5.8638
0.161284 604 5.86384
0.161091 604 5.86437
0.160897 604 5.8645
0.160704 604 5.86454
0.160511 604 5.86476
0.160317 604 5.86523
0.160124 604 5.86553
0.160124 603 5.86585
0.160124 602 5.86592
0.160124 601 5.86597
0.15993 601 5.86608
0.159737 601 5.86636
0.159544 601 5.86648
0.159544 600 5.86653
0.15935 600 5.86676
0.15935 599 5.86681
0.159157 599 5.86683
0.158963 599 5.86703
0.158963 598 5.86734
0.15877 598 5.86758
0.158577 598 5.86833
0.158577 597 5.86867
0.158383 597 5.86948
0.15819 597 5.86973
0.15819 596 5.86991
0.15819 595 5.87122
0.157997 595 5.87128
0.157803 595 5.87136
0.157803 594 5.87164
0.157803 593 5.87235
0.157803 592 5.87287
0.157803 591 5.87343
0.15761 591 5.87361
0.15761 590 5.87383
0.15761 589 5.87457
0.157416 589 5.87495
0.157223 589 5.87516
0.15703 589 5.87522
0.15703 588 5.87541
0.156836 588 5.87555
0.156836 587 5.87566
0.156643 587 5.87568
0.156449 587 5.87583
0.156256 587 5.87615
0.156256 586 5.87681
0.156063 586 5.87714
0.156063 585 5.87733
0.156063 584 5.87754
0.156063 583 5.87787
0.156063 582 5.87789
0.155869 582 5.87818
0.155869 581 5.87837
0.155676 581 5.8794
0.155676 580 5.87959
0.155676 579 5.87971
0.155482 579 5.87972
0.155289 579 5.87996
0.155096 579 5.88032
0.155096 578 5.88064
0.154902 578 5.88096
0.154709 578 5.88148
0.154516 578 5.8819
0.154322 578 5.88202
0.154322 577 5.88244
0.154129 577 5.88246
0.153935 577 5.88304
0.153742 577 5.88397
0.153549 577 5.88408
0.153549 576 5.88413
0.153355 575 5.88475
0.153355 574 5.88496
0.153355 573 5.88504
0.153162 573 5.88511
0.152968 573 5.88522
0.152775 573 5.88551
0.152582 573 5.88558
0.152388 573 5.88566
0.152195 573 5.88585
0.152002 573 5.88644
0.151808 573 5.88653
0.151615 573 5.88682
0.151615 572 5.88688
0.151615 571 5.88761
0.151421 571 5.88862
0.151228 571 5.88972
0.151228 570 5.89009
0.151035 570 5.89013
0.150841 570 5.89021
0.150648 570 5.8905
0.150648 569 5.89097
0.150454 569 5.89112
0.150261 569 5.89146
0.150261 568 5.89153
0.150261 567 5.89177
0.150261 566 5.89197
0.150261 565 5.89277
0.150068 565 5.89278
0.149874 565 5.8937
0.149874 564 5.89378
0.149874 563 5.89395
0.149874 562 5.89415
0.149874 561 5.89456
0.149681 561 5.89505
0.149488 561 5.89519
0.149294 561 5.89525
0.149101 561 5.89531
0.149101 560 5.89552
0.148907 560 5.89596
0.148714 560 5.89638
0.148521 560 5.89658
0.148327 560 5.89665
0.148327 559 5.89688
0.148327 558 5.89692
0.148134 558 5.89694
0.148134 557 5.89705
0.148134 556 5.89707
0.148134 555 5.8972
0.148134 554 5.89731
0.148134 553 5.89734
0.14794 553 5.89766
0.147747 553 5.8977
0.147747 552 5.89796
0.147554 552 5.89814
0.14736 552 5.89878
0.147167 552 5.8988
0.147167 551 5.89929
0.147167 550 5.89934
0.146974 550 5.89948
0.146974 549 5.8995
0.14678 549 5.89951
0.14678 548 5.89958
0.146587 548 5.90072
0.146587 547 5.9015
0.146393 547 5.90157
0.146393 546 5.90173
0.1462 546 5.9022
0.146007 546 5.90229
0.146007 545 5.90234
0.146007 544 5.90247
0.146007 543 5.90256
0.145813 543 5.9028
0.145813 542 5.90288
0.14562 542 5.90314
0.14562 541 5.9033
0.14562 540 5.90385
0.14562 539 5.90416
0.14562 538 5.9042
0.14562 537 5.90437
0.145426 537 5.90452
0.145426 536 5.90507
0.145233 536 5.90541
0.14504 536 5.90631
0.14504 535 5.90632
0.144846 535 5.90644
0.144846 534 5.90716
0.144653 534 5.90738
0.144653 533 5.90796
0.144653 532 5.90848
0.144459 532 5.90862
0.144266 532 5.90892
0.144266 531 5.9098
0.144266 530 5.90997
0.144073 530 5.91034
0.144073 529 5.91035
0.144073 528 5.91045
0.144073 527 5.91048
0.144073 526 5.91061
0.143879 526 5.91074
0.143686 525 5.91097
0.143686 524 5.91098
0.143493 524 5.91184
0.143299 524 5.91228
0.143299 523 5.91229
0.143106 523 5.91259
0.142912 523 5.9131
0.142719 523 5.91376
0.142526 523 5.91391
0.142332 523 5.91428
0.142139 523 5.91432
0.141945 523 5.91465
0.141945 522 5.91471
0.141752 522 5.91527
0.141559 522 5.91546
0.141559 521 5.91553
0.141559 520 5.91632
0.141559 519 5.91644
0.141365 519 5.91662
0.141172 519 5.91666
0.141172 518 5.91677
0.141172 517 5.91692
0.140979 517 5.91806
0.140979 516 5.91808
0.140979 514 5.91812
0.140979 513 5.91914
0.140785 513 5.91934
0.140592 513 5.91949
0.140592 512 5.91968
0.140398 512 5.92072
0.140205 512 5.92201
0.140205 511 5.92429
0.140012 511 5.92477
0.140012 510 5.92616
0.140012 509 5.92642
0.139818 509 5.92715
0.139818 508 5.92752
0.139818 506 5.92767
0.139625 506 5.92788
0.139625 505 5.92832
0.139625 504 5.92841
0.139431 504 5.92875
0.139238 504 5.92882
0.139238 503 5.92886
0.139045 503 5.93021
0.139045 501 5.9303
0.138851 501 5.9305
0.138658 501 5.93051
0.138465 501 5.93104
0.138465 500 5.93136
0.138465 499 5.93169
0.138465 498 5.93186
0.138465 497 5.93191
0.138271 497 5.93192
0.138078 497 5.9324
0.137884 497 5.93243
0.137884 496 5.93248
0.137691 496 5.93288
0.137691 495 5.93306
0.137691 494 5.93309
0.137498 494 5.93313
0.137304 494 5.93357
0.137111 494 5.93367
0.137111 493 5.93371
0.136917 493 5.93416
0.136917 492 5.93418
0.136917 491 5.93427
0.136917 490 5.9343
0.136724 490 5.93476
0.136531 490 5.93479
0.136531 489 5.93491
0.136531 488 5.93503
0.136337 488 5.93636
0.136144 488 5.9364
0.136144 487 5.93644
0.13595 487 5.93646
0.13595 486 5.93684
0.13595 485 5.93749
0.135757 485 5.93752
0.135757 484 5.93909
0.135757 483 5.93951
0.135564 483 5.93962
0.13537 483 5.93976
0.13537 482 5.93987
0.135177 482 5.94013
0.135177 481 5.94034
0.134984 481 5.94041
0.134984 480 5.94042
0.13479 480 5.94044
0.134597 480 5.94102
0.134403 480 5.94105
0.13421 479 5.9412
0.134017 478 5.94181
0.133823 478 5.94264
0.13363 478 5.94301
0.133436 478 5.94341
0.133243 478 5.94368
0.133243 477 5.94407
0.133243 476 5.94473
0.13305 476 5.94569
0.13305 475 5.94609
0.13305 474 5.94709
0.13305 473 5.94714
0.132856 473 5.94729
0.132856 472 5.94764
0.132663 472 5.94854
0.132663 471 5.94864
0.13247 471 5.94894
0.132276 471 5.94963
0.132083 471 5.9497
0.132083 470 5.95032
0.132083 469 5.95039
0.131889 469 5.95052
0.131696 469 5.95085
0.131503 469 5.95228
0.131309 469 5.95252
0.131116 469 5.95256
0.130922 469 5.95292
0.130729 469 5.95398
0.130729 468 5.95399
0.130729 467 5.95407
0.130536 467 5.95421
0.130342 467 5.95471
0.130149 467 5.95472
0.129956 467 5.9548
0.129762 467 5.95493
0.129762 466 5.95581
0.129569 466 5.95608
0.129569 465 5.95622
0.129375 465 5.95806
0.129375 464 5.9583
0.129375 463 5.95863
0.129375 462 5.9592
0.129375 461 5.9594
0.129182 461 5.95979
0.128989 461 5.95985
0.128795 461 5.95986
0.128602 461 5.96032
0.128408 461 5.96045
0.128215 461 5.96059
0.128215 460 5.96072
0.128215 459 5.96083
0.128022 459 5.96145
0.128022 458 5.96149
0.127828 458 5.96201
0.127828 457 5.96216
0.127828 456 5.96256
0.127635 456 5.96259
0.127635 455 5.96261
0.127442 455 5.96285
0.127248 455 5.96292
0.127248 454 5.96386
0.127055 454 5.96389
0.126861 454 5.96396
0.126861 453 5.96479
0.126861 452 5.96515
0.126861 451 5.96546
0.126668 451 5.9661
0.126668 450 5.96631
0.126475 450 5.96637
0.126281 450 5.9669
0.126088 450 5.96726
0.125894 450 5.96784
0.125701 450 5.97137
0.125508 450 5.97217
0.125508 449 5.97254
0.125508 448 5.97283
0.125314 448 5.97308
0.125314 447 5.97309
0.125314 446 5.97327
0.125121 446 5.97344
0.125121 445 5.9748
0.124927 445 5.97592
0.124927 444 5.97619
0.124927 443 5.97647
0.124734 443 5.97728
0.124347 443 5.97814
0.124154 443 5.97843
0.124154 442 5.97925
0.124154 441 5.9795
0.123961 441 5.98024
0.123961 440 5.98047
0.123767 440 5.98229
0.123767 439 5.98286
0.123574 439 5.98288
0.12338 439 5.98409
0.123187 439 5.98414
0.122994 439 5.98471
0.1228 439 5.98486
0.122607 439 5.98504
0.122607 438 5.98584
0.122413 438 5.98632
0.122413 437 5.98678
0.12222 437 5.9868
0.12222 436 5.98737
0.122027 436 5.98745
0.122027 435 5.98755
0.122027 434 5.9876
0.121833 434 5.98874
0.12164 434 5.98956
0.12164 433 5.98999
0.121447 433 5.99017
0.121253 433 5.99071
0.121253 432 5.99142
0.121253 431 5.99194
0.121253 430 5.99206
0.12106 430 5.9924
0.120866 430 5.99248
0.120866 429 5.99274
0.120866 428 5.99306
0.120673 428 5.99309
0.120673 427 5.99316
0.12048 427 5.99339
0.120286 427 5.99384
0.120286 426 5.9939
0.120286 425 5.99443
0.120093 425 5.99469
0.120093 424 5.99587
0.120093 423 5.99714
0.119899 423 5.99815
0.119899 422 5.99823
0.119706 422 5.99899
0.119706 421 6.00017
0.119513 421 6.00018
0.119513 420 6.00019
0.119319 420 6.00107
0.119319 419 6.00172
0.119126 419 6.00185
0.118933 419 6.00206
0.118739 419 6.00245
0.118739 418 6.00261
0.118546 418 6.00328
0.118546 417 6.00336
0.118352 416 6.00414
0.118352 415 6.00488
0.118159 415 6.00546
0.117966 415 6.00593
0.117772 415 6.00595
0.117772 414 6.00622
0.117772 413 6.00645
0.117772 412 6.00646
0.117579 412 6.00655
0.117385 412 6.00659
0.117385 411 6.00706
0.117385 410 6.0071
0.117385 409 6.00807
0.117385 408 6.00808
0.117385 407 6.00822
0.117192 407 6.00857
0.116999 407 6.0086
0.116805 407 6.00918
0.116805 406 6.00945
0.116612 406 6.00957
0.116612 405 6.00958
0.116418 405 6.00967
0.116225 405 6.00983
0.116032 405 6.00992
0.115838 405 6.01007
0.115645 405 6.01009
0.115452 405 6.01035
0.115258 405 6.01071
0.115258 404 6.01122
0.115258 403 6.01125
0.115065 403 6.01137
0.115065 402 6.01151
0.114871 402 6.01228
0.114871 401 6.01231
0.114871 400 6.01246
0.114678 400 6.01268
0.114485 400 6.01388
0.114291 400 6.01408
0.114098 400 6.0141
0.114098 399 6.01422
0.114098 398 6.01442
0.114098 397 6.01451
0.113904 397 6.01511
0.113711 397 6.01568
0.113518 397 6.01631
0.113324 397 6.01685
0.113324 396 6.01686
0.113131 396 6.01718
0.112938 396 6.01719
0.112938 395 6.01789
0.112938 394 6.01833
0.112744 394 6.01845
0.112744 393 6.01932
0.112551 393 6.01949
0.112551 392 6.01957
0.112551 391 6.02004
0.112357 391 6.02008
0.112357 390 6.02028
0.112357 389 6.02086
0.112357 388 6.02137
0.112357 387 6.02176
0.112164 387 6.02182
0.111971 387 6.02185
0.111971 386 6.02226
0.111777 386 6.02287
0.111584 386 6.02365
0.11139 386 6.02446
0.11139 385 6.02472
0.111197 385 6.02561
0.111004 385 6.02636
0.11081 385 6.02711
0.110617 385 6.02792
0.110617 384 6.0288
0.110617 383 6.02905
0.110617 382 6.02966
0.110617 381 6.03037
0.110424 381 6.03045
0.11023 381 6.03081
0.110037 381 6.03127
0.110037 380 6.03261
0.109843 380 6.03271
0.109843 379 6.03321
0.109843 378 6.0338
0.109843 377 6.03391
0.10965 377 6.03448
0.10965 376 6.03471
0.109457 376 6.03642
0.109263 376 6.03654
0.109263 375 6.03715
0.10907 375 6.03792
0.10907 374 6.039
0.10907 373 6.03914
0.10907 372 6.0394
0.10907 371 6.03977
0.108876 371 6.04075
0.108876 370 6.04184
0.108683 370 6.04253
0.108683 369 6.04255
0.10849 369 6.04349
0.108296 369 6.04381
0.108103 369 6.04394
0.107909 369 6.04405
0.107909 368 6.04462
0.107716 368 6.04483
0.107523 368 6.04558
0.107329 368 6.04567
0.107136 368 6.04569
0.107136 367 6.04571
0.106943 367 6.04687
0.106749 367 6.04761
0.106749 366 6.04764
0.106556 366 6.04768
0.106362 366 6.04797
0.106362 365 6.04896
0.106362 364 6.04952
0.106169 364 6.04982
0.106169 363 6.04988
0.105976 363 6.04997
0.105782 363 6.05022
0.105589 363 6.05029
0.105589 362 6.05088
0.105395 362 6.05134
0.105202 362 6.05223
0.105202 361 6.05244
0.105202 360 6.05249
0.105202 359 6.0533
0.105009 359 6.05428
0.104815 359 6.05469
0.104622 359 6.05527
0.104429 359 6.05533
0.104429 358 6.0554
0.104235 358 6.05649
0.104042 358 6.05705
0.103848 358 6.0578
0.103655 358 6.05814
0.103655 357 6.05829
0.103655 356 6.0583
0.103462 356 6.05897
0.103462 355 6.05943
0.103268 355 6.06028
0.103075 355 6.06063
0.102881 355 6.06065
0.102881 354 6.06113
0.102881 353 6.0612
0.102881 352 6.06202
0.102688 352 6.06214
0.102495 352 6.06242
0.102301 352 6.06253
0.102108 352 6.06258
0.102108 351 6.0628
0.102108 350 6.06296
0.101915 350 6.063
0.101721 350 6.06334
0.101528 350 6.06368
0.101334 350 6.0643
0.101334 349 6.06453
0.101141 349 6.06506
0.101141 348 6.06556
0.101141 347 6.06639
0.101141 346 6.06747
0.100948 346 6.06767
0.100948 345 6.06806
0.100948 344 6.06881
0.100754 344 6.06887
0.100754 343 6.06922
0.100561 343 6.07037
0.100367 343 6.07045
0.100367 342 6.07057
0.100174 342 6.07115
0.0999807 342 6.07173
0.0997873 342 6.07218
0.0995939 342 6.07236
0.0994005 342 6.0724
0.0994005 341 6.07243
0.0992071 341 6.07253
0.0990137 341 6.0728
0.0988203 341 6.07367
0.098627 341 6.07418
0.098627 340 6.07425
0.098627 339 6.07458
0.0984336 339 6.07464
0.0982402 339 6.07471
0.0980468 339 6.07529
0.0978534 339 6.07552
0.0978534 338 6.07592
0.09766 338 6.07628
0.0974666 338 6.07653
0.0974666 337 6.07656
0.0972733 337 6.07729
0.0970799 337 6.07742
0.0970799 336 6.0775
0.0968865 336 6.07782
0.0966931 336 6.07859
0.0964997 336 6.07911
0.0961129 336 6.07984
0.0959196 336 6.07986
0.0957262 336 6.07988
0.0957262 335 6.08082
0.0957262 334 6.08097
0.0957262 333 6.08162
0.0955328 333 6.08216
0.0953394 333 6.08264
0.095146 333 6.08284
0.095146 332 6.08287
0.095146 331 6.08314
0.0949526 331 6.08337
0.0949526 330 6.08343
0.0947592 330 6.08456
0.0947592 329 6.08562
0.0945658 329 6.08567
0.0943725 329 6.0858
0.0941791 329 6.08632
0.0939857 329 6.08695
0.0937923 329 6.08867
0.0937923 328 6.08969
0.0937923 327 6.09007
0.0937923 326 6.09057
0.0935989 326 6.09064
0.0935989 325 6.09072
0.0934055 325 6.09163
0.0934055 324 6.09231
0.0932121 324 6.09236
0.0932121 323 6.09246
0.0930188 323 6.09259
0.0928254 323 6.09279
0.092632 323 6.09375
0.092632 322 6.09507
0.092632 321 6.09508
0.092632 320 6.09532
0.0924386 320 6.09635
0.0922452 320 6.09671
0.0922452 319 6.09757
0.0920518 319 6.09775
0.0918584 319 6.09781
0.0916651 319 6.09785
0.0916651 318 6.09828
0.0916651 317 6.09849
0.0916651 316 6.09988
0.0914717 316 6.10111
0.0912783 316 6.10113
0.0912783 315 6.10196
0.0912783 314 6.1028
0.0910849 314 6.10301
0.0910849 313 6.10433
0.0908915 313 6.10547
0.0906981 313 6.10565
0.0905047 313 6.1057
0.0903114 313 6.10578
0.0903114 312 6.10581
0.090118 312 6.10674
0.0899246 312 6.10709
0.0899246 311 6.10734
0.0899246 310 6.10786
0.0897312 310 6.10818
0.0895378 310 6.10837
0.0895378 309 6.10869
0.0893444 309 6.10886
0.089151 309 6.10925
0.089151 308 6.11018
0.0889576 308 6.11073
0.0889576 307 6.11125
0.0887643 307 6.1119
0.0885709 307 6.11342
0.0883775 307 6.11416
0.0881841 307 6.11429
0.0879907 307 6.11492
0.0877973 307 6.11515
0.0876039 307 6.11637
0.0876039 306 6.11664
0.0874106 306 6.11677
0.0872172 306 6.11707
0.0870238 306 6.11726
0.0868304 306 6.11762
0.086637 306 6.11857
0.086637 305 6.12033
0.086637 304 6.12064
0.086637 303 6.12075
0.086637 302 6.12091
0.086637 301 6.12105
0.0864436 301 6.12129
0.0862502 301 6.12181
0.0860569 301 6.12301
0.0858635 301 6.12333
0.0856701 301 6.12348
0.0854767 301 6.12374
0.0852833 301 6.12441
0.0852833 300 6.12592
0.0850899 300 6.1261
0.0848965 300 6.12687
0.0847032 300 6.12715
0.0845098 300 6.1296
0.0843164 300 6.12962
0.084123 300 6.12964
0.0839296 300 6.13003
0.0839296 299 6.13019
0.0839296 298 6.13062
0.0839296 297 6.13091
0.0839296 296 6.13238
0.0837362 296 6.13409
0.0835428 296 6.13544
0.0833494 296 6.13586
0.0831561 296 6.13629
0.0831561 295 6.13699
0.0831561 294 6.13727
0.0831561 293 6.13863
0.0829627 293 6.14089
0.0827693 293 6.14108
0.0827693 292 6.14155
0.0827693 290 6.14195
0.0825759 290 6.1423
0.0823825 290 6.14345
0.0823825 289 6.14437
0.0823825 288 6.14439
0.0823825 287 6.14444
0.0821891 287 6.14448
0.0819957 287 6.1446
0.0819957 286 6.14492
0.0818024 286 6.14498
0.0818024 285 6.14641
0.0818024 284 6.14693
0.081609 284 6.14702
0.081609 283 6.14705
0.081609 281 6.14709
0.081609 280 6.1473
0.0814156 280 6.14743
0.0814156 279 6.14816
0.0814156 278 6.14976
0.0812222 278 6.14998
0.0812222 277 6.15179
0.0810288 277 6.15203
0.0808354 277 6.15212
0.080642 277 6.15297
0.080642 276 6.15456
0.080642 275 6.15499
0.0804487 275 6.15589
0.0804487 274 6.15696
0.0804487 273 6.15762
0.0802553 273 6.15783
0.0800619 273 6.15838
0.0798685 272 6.15931
0.0796751 272 6.15947
0.0794817 272 6.15954
0.0792883 272 6.16048
0.079095 272 6.16094
0.0789016 272 6.16193
0.0787082 272 6.16196
0.0787082 271 6.16319
0.0787082 270 6.16329
0.0785148 270 6.16441
0.0785148 269 6.16445
0.0785148 268 6.16607
0.0785148 267 6.16716
0.0783214 267 6.16758
0.078128 267 6.16799
0.0779346 267 6.16844
0.0777412 267 6.16922
0.0775479 267 6.16982
0.0775479 266 6.17042
0.0773545 266 6.17056
0.0771611 266 6.1711
0.0771611 265 6.17116
0.0771611 264 6.17119
0.0771611 263 6.17172
0.0769677 263 6.17198
0.0767743 263 6.17311
0.0765809 263 6.17455
0.0763875 263 6.17464
0.0761942 263 6.17611
0.0761942 262 6.17616
0.0760008 262 6.17652
0.0760008 261 6.17684
0.0760008 260 6.17725
0.0760008 259 6.17845
0.0758074 259 6.17897
0.075614 259 6.1793
0.0754206 259 6.18106
0.0752272 259 6.18202
0.0752272 258 6.1823
0.0750338 258 6.18302
0.0750338 257 6.18309
0.0750338 256 6.18403
0.0748405 256 6.18449
0.0748405 255 6.18497
0.0746471 255 6.185
0.0746471 254 6.18535
0.0746471 253 6.18547
0.0746471 252 6.18684
0.0744537 252 6.18686
0.0744537 251 6.18741
0.0742603 251 6.18755
0.0742603 250 6.18761
0.0742603 249 6.1883
0.0742603 248 6.18839
0.0740669 248 6.18844
0.0738735 248 6.18868
0.0736801 248 6.18894
0.0736801 247 6.18956
0.0736801 246 6.19029
0.0734868 246 6.19075
0.0734868 245 6.19304
0.0732934 245 6.19338
0.0731 245 6.19372
0.0729066 245 6.19374
0.0727132 245 6.19419
0.0727132 244 6.19422
0.0727132 243 6.19479
0.0725198 243 6.19509
0.0723264 243 6.1956
0.072133 243 6.19611
0.072133 242 6.19619
0.0719397 242 6.19679
0.0717463 242 6.19785
0.0715529 242 6.19787
0.0713595 242 6.19806
0.0713595 241 6.19976
0.0711661 241 6.20049
0.0709727 241 6.20117
0.0709727 240 6.20161
0.0709727 239 6.20182
0.0707793 239 6.20185
0.070586 239 6.20207
0.0703926 239 6.20243
0.0703926 238 6.20455
0.0703926 237 6.20479
0.0701992 237 6.20522
0.0700058 237 6.20565
0.0700058 236 6.2057
0.0700058 235 6.20727
0.0698124 235 6.2073
0.069619 235 6.20846
0.0694256 235 6.20862
0.0692323 235 6.20933
0.0690389 235 6.21092
0.0688455 235 6.21193
0.0686521 235 6.21244
0.0686521 234 6.21316
0.0686521 233 6.21359
0.0684587 233 6.21445
0.0682653 233 6.21578
0.0682653 232 6.21668
0.0680719 232 6.21671
0.0678786 232 6.21675
0.0678786 231 6.21694
0.0678786 229 6.21806
0.0676852 229 6.21829
0.0676852 228 6.21874
0.0676852 227 6.21881
0.0676852 226 6.21888
0.0674918 226 6.21984
0.0672984 226 6.22198
0.0672984 225 6.22268
0.067105 225 6.22329
0.0669116 225 6.22332
0.0667182 225 6.22344
0.0665249 225 6.22355
0.0663315 225 6.22391
0.0661381 225 6.22405
0.0661381 224 6.22522
0.0661381 223 6.22524
0.0661381 222 6.2258
0.0661381 221 6.226
0.0661381 220 6.22646
0.0661381 219 6.22676
0.0661381 218 6.22682
0.0661381 217 6.22692
0.0661381 216 6.22707
0.0659447 216 6.22717
0.0657513 216 6.22753
0.0655579 216 6.22949
0.0653645 216 6.22957
0.0651711 216 6.23039
0.0649778 216 6.23074
0.0647844 216 6.23087
0.064591 216 6.2322
0.0643976 216 6.23236
0.0642042 216 6.2328
0.0640108 216 6.2331
0.0640108 215 6.23424
0.0640108 214 6.23481
0.0638174 214 6.23542
0.0636241 214 6.23559
0.0636241 213 6.23588
0.0632373 213 6.23593
0.0632373 212 6.23717
0.0630439 212 6.23807
0.0630439 211 6.23849
0.0630439 209 6.23878
0.0628505 209 6.23892
0.0628505 208 6.23926
0.0628505 207 6.23967
0.0626571 207 6.24046
0.0624637 207 6.2408
0.0622704 207 6.24145
0.062077 207 6.24165
0.0618836 207 6.24261
0.0616902 207 6.24292
0.0614968 207 6.24303
0.0613034 207 6.24306
0.06111 207 6.24383
0.06111 206 6.24404
0.0609167 206 6.24472
0.0609167 205 6.24486
0.0607233 205 6.24548
0.0605299 205 6.24594
0.0603365 205 6.246
0.0601431 205 6.24633
0.0599497 205 6.24834
0.0599497 204 6.24862
0.0599497 203 6.25004
0.0597563 203 6.25178
0.0595629 203 6.25293
0.0595629 202 6.25506
0.0595629 201 6.25567
0.0595629 200 6.25747
0.0595629 199 6.25748
0.0593696 199 6.2578
0.0593696 198 6.26071
0.0593696 197 6.26194
0.0591762 197 6.26195
0.0589828 197 6.26203
0.0589828 196 6.26262
0.0587894 196 6.26347
0.058596 196 6.26402
0.058596 195 6.26438
0.0584026 195 6.26443
0.0582092 195 6.26485
0.0580159 195 6.2656
0.0578225 195 6.2659
0.0576291 195 6.26674
0.0574357 195 6.26776
0.0572423 195 6.2684
0.0570489 195 6.2686
0.0570489 194 6.27015
0.0568555 194 6.27079
0.0568555 193 6.27195
0.0568555 192 6.27222
0.0568555 191 6.27351
0.0568555 190 6.27422
0.0568555 189 6.27485
0.0568555 188 6.27539
0.0566622 188 6.27553
0.0564688 188 6.2757
0.0564688 187 6.27613
0.0562754 187 6.27636
0.0562754 186 6.27658
0.0562754 185 6.27748
0.0562754 184 6.27826
0.0562754 183 6.27842
0.0562754 182 6.28108
0.056082 182 6.28111
0.0558886 182 6.2818
0.0558886 181 6.28245
0.0556952 181 6.28273
0.0555018 180 6.28324
0.0553085 180 6.28376
0.0553085 179 6.28475
0.0551151 179 6.28498
0.0549217 179 6.28594
0.0547283 179 6.28647
0.0545349 179 6.28756
0.0545349 178 6.28866
0.0545349 177 6.28901
0.0543415 177 6.28932
0.0543415 176 6.28963
0.0543415 175 6.29038
0.0543415 174 6.29172
0.0543415 173 6.29205
0.0543415 172 6.29312
0.0541481 172 6.29326
0.0541481 171 6.29484
0.0541481 170 6.29547
0.0541481 169 6.29653
0.0541481 168 6.29721
0.0539547 168 6.29898
0.0537614 168 6.29934
0.053568 168 6.29982
0.0533746 168 6.30013
0.0531812 168 6.30054
0.0529878 168 6.3025
0.0527944 168 6.30251
0.0527944 167 6.30312
0.052601 167 6.30551
0.0524077 167 6.30583
0.0524077 166 6.30804
0.0524077 165 6.30817
0.0524077 164 6.30866
0.0522143 164 6.3094
0.0520209 164 6.30962
0.0520209 163 6.31
0.0518275 163 6.31026
0.0518275 162 6.3124
0.0516341 162 6.31496
0.0514407 162 6.3165
0.0512473 162 6.31741
0.051054 162 6.32067
0.0508606 162 6.3208
0.0506672 162 6.32166
0.0506672 161 6.32201
0.0504738 161 6.32249
0.0504738 160 6.32324
0.0502804 160 6.32339
0.050087 160 6.32397
0.050087 159 6.32417
0.0498936 159 6.32535
0.0497003 159 6.32588
0.0497003 158 6.32737
0.0497003 157 6.32821
0.0495069 157 6.32832
0.0495069 156 6.32855
0.0495069 155 6.32931
0.0495069 154 6.33059
0.0493135 154 6.3322
0.0493135 153 6.33264
0.0491201 153 6.33327
0.0491201 152 6.33343
0.0489267 152 6.33373
0.0487333 152 6.33424
0.0485399 152 6.33482
0.0485399 151 6.33563
0.0483465 151 6.33588
0.0483465 150 6.33942
0.0483465 149 6.3398
0.0481532 149 6.34059
0.0479598 149 6.34332
0.0479598 148 6.3441
0.0479598 147 6.34439
0.0477664 147 6.34441
0.047573 147 6.34618
0.047573 146 6.34689
0.0473796 146 6.34711
0.0473796 145 6.34726
0.0471862 145 6.34852
0.0469928 145 6.34864
0.0467995 145 6.349
0.0466061 145 6.34958
0.0464127 145 6.34998
0.0462193 145 6.35156
0.0460259 145 6.35263
0.0458325 145 6.35462
0.0456391 145 6.35488
0.0456391 144 6.3551
0.0454458 144 6.35622
0.0454458 143 6.35626
0.0452524 143 6.35945
0.0452524 142 6.36139
0.0452524 141 6.36291
0.0452524 140 6.36366
0.045059 140 6.36372
0.045059 139 6.36581
0.0448656 139 6.36587
0.0446722 139 6.36642
0.0446722 138 6.36747
0.0446722 137 6.36816
0.0444788 137 6.37073
0.0442854 137 6.37252
0.0440921 137 6.37314
0.0438987 137 6.3737
0.0438987 136 6.37471
0.0437053 136 6.37496
0.0435119 136 6.3753
0.0433185 136 6.37731
0.0431251 136 6.37768
0.0429317 136 6.37781
0.0427383 136 6.37812
0.042545 136 6.37977
0.0423516 136 6.38194
0.0423516 135 6.38218
0.0421582 135 6.38475
0.0419648 135 6.38646
0.0417714 135 6.38745
0.041578 135 6.38843
0.0413846 135 6.38881
0.0413846 134 6.38905
0.0411913 134 6.38998
0.0409979 134 6.3909
0.0408045 134 6.39307
0.0406111 134 6.39346
0.0404177 134 6.39715
0.0402243 134 6.40057
0.0400309 134 6.40068
0.0398376 134 6.401
0.0398376 133 6.40229
0.0396442 133 6.40294
0.0394508 133 6.40363
0.0394508 132 6.40402
0.0392574 132 6.4052
0.0392574 131 6.40661
0.039064 131 6.40711
0.039064 130 6.40724
0.0388706 130 6.40736
0.0388706 129 6.40904
0.0388706 128 6.40983
0.0386772 128 6.41312
0.0386772 127 6.41354
0.0384839 127 6.4163
0.0382905 127 6.41768
0.0380971 127 6.41822
0.0380971 126 6.41827
0.0379037 126 6.41893
0.0377103 126 6.41959
0.0377103 125 6.42099
0.0375169 125 6.42156
0.0375169 124 6.42172
0.0373235 124 6.42366
0.0373235 123 6.42458
0.0371301 123 6.42474
0.0371301 122 6.42682
0.0371301 121 6.42698
0.0371301 120 6.42808
0.0371301 119 6.42857
0.0371301 118 6.4295
0.0369368 118 6.4315
0.0369368 117 6.43178
0.0369368 116 6.43192
0.0369368 115 6.43335
0.0367434 115 6.43356
0.03655 115 6.43441
0.03655 114 6.43498
0.0363566 114 6.43618
0.0363566 113 6.4366
0.0361632 113 6.43986
0.0359698 113 6.44
0.0357764 113 6.44173
0.0355831 113 6.44182
0.0355831 112 6.4426
0.0353897 112 6.44464
0.0351963 112 6.44597
0.0350029 112 6.44652
0.0348095 112 6.44693
0.0346161 112 6.44776
0.0344227 112 6.44798
0.0342294 112 6.44802
0.0342294 111 6.44921
0.0342294 110 6.45
0.034036 110 6.45163
0.0338426 110 6.45205
0.0336492 110 6.45237
0.0336492 109 6.45646
0.0336492 108 6.46083
0.0334558 108 6.46089
0.0332624 108 6.46143
0.0332624 107 6.46149
0.033069 107 6.46169
0.033069 106 6.46275
0.033069 105 6.4638
0.0328757 105 6.46476
0.0328757 104 6.46613
0.0326823 104 6.46615
0.0324889 104 6.46647
0.0324889 103 6.46809
0.0322955 103 6.46881
0.0321021 103 6.46931
0.0319087 103 6.46948
0.0319087 102 6.46968
0.0317153 102 6.46976
0.0315219 102 6.47013
0.0313286 102 6.47143
0.0313286 101 6.47245
0.0311352 101 6.473
0.0311352 100 6.47405
0.0309418 100 6.47423
0.0309418 99 6.47451
0.0307484 99 6.47662
0.0307484 98 6.47726
0.030555 98 6.47777
0.0303616 98 6.47807
0.0301682 98 6.47878
0.0299749 98 6.47947
0.0297815 98 6.47991
0.0295881 98 6.48047
0.0293947 98 6.4806
0.0293947 97 6.48164
0.0292013 97 6.48591
0.0290079 97 6.48595
0.0288145 97 6.48606
0.0286212 97 6.48639
0.0284278 97 6.48655
0.0284278 96 6.48728
0.0284278 95 6.48943
0.0282344 95 6.49009
0.0282344 94 6.49201
0.028041 94 6.49342
0.0278476 94 6.49692
0.0276542 94 6.50028
0.0274608 94 6.50078
0.0274608 93 6.50321
0.0274608 92 6.50366
0.0274608 91 6.50547
0.0272675 91 6.50629
0.0272675 90 6.50752
0.0270741 89 6.50833
0.0268807 89 6.50835
0.0266873 89 6.5088
0.0266873 88 6.50932
0.0264939 88 6.51054
0.0264939 87 6.51109
0.0264939 86 6.51136
0.0263005 86 6.51156
0.0263005 85 6.51181
0.0261071 85 6.5126
0.0261071 84 6.51311
0.0259137 84 6.5151
0.0257204 84 6.51606
0.025527 84 6.51698
0.025527 83 6.51893
0.0253336 83 6.51973
0.0251402 83 6.52012
0.0249468 83 6.52061
0.0247534 83 6.52195
0.02456 83 6.52452
0.02456 82 6.53248
0.0243667 82 6.53625
0.0241733 82 6.53693
0.0239799 82 6.5374
0.0239799 81 6.53932
0.0239799 80 6.54048
0.0239799 79 6.54155
0.0239799 78 6.54277
0.0237865 78 6.54297
0.0237865 77 6.54523
0.0235931 77 6.54622
0.0233997 77 6.54681
0.0232063 77 6.54715
0.023013 77 6.54953
0.023013 76 6.55028
0.0228196 76 6.55302
0.0226262 76 6.55829
0.0226262 75 6.55904
0.0226262 74 6.5602
0.0224328 74 6.56419
0.0224328 73 6.56465
0.0222394 73 6.56521
0.0218526 73 6.56524
0.0216593 73 6.56595
0.0216593 72 6.56919
0.0216593 71 6.57099
0.0216593 70 6.57291
0.0214659 70 6.57567
0.0214659 69 6.5758
0.0212725 69 6.57665
0.0210791 69 6.57695
0.0210791 68 6.57755
0.0208857 68 6.58208
0.0208857 67 6.58353
0.0206923 67 6.58467
0.0204989 67 6.58613
0.0203056 67 6.58633
0.0203056 66 6.58895
0.0203056 65 6.59138
0.0203056 64 6.59146
0.0203056 63 6.59476
0.0201122 63 6.59786
0.0199188 63 6.6004
0.0197254 63 6.60156
0.019532 63 6.60171
0.019532 62 6.60437
0.0193386 62 6.60554
0.0191452 62 6.60745
0.0189518 62 6.60783
0.0189518 61 6.60831
0.0187585 61 6.60839
0.0187585 60 6.60938
0.0185651 60 6.61374
0.0183717 60 6.61412
0.0181783 60 6.61493
0.0179849 60 6.61544
0.0177915 60 6.62144
0.0177915 59 6.62261
0.0175981 59 6.62495
0.0175981 58 6.62565
0.0174048 58 6.6332
0.0172114 57 6.63696
0.0172114 56 6.63807
0.0172114 55 6.63879
0.017018 55 6.63982
0.017018 54 6.64131
0.017018 53 6.64138
0.0168246 53 6.64714
0.0166312 53 6.65102
0.0166312 52 6.65472
0.0164378 52 6.65587
0.0162444 52 6.65638
0.0162444 51 6.65929
0.0160511 51 6.65965
0.0160511 50 6.65995
0.0158577 50 6.66126
0.0156643 50 6.66184
0.0154709 50 6.66348
0.0152775 50 6.67791
0.0152775 49 6.68219
0.0150841 49 6.68672
0.0150841 48 6.68763
0.0150841 47 6.69074
0.0150841 46 6.69117
0.0148907 46 6.69179
0.0146974 46 6.69202
0.014504 46 6.69285
0.0143106 46 6.70443
0.0143106 45 6.70715
0.0141172 45 6.70731
0.0141172 44 6.7081
0.0141172 43 6.70816
0.0139238 43 6.70878
0.0137304 43 6.71201
0.013537 43 6.7127
0.013537 42 6.71393
0.013537 41 6.71678
0.0133436 41 6.7169
0.0131503 41 6.71962
0.0129569 41 6.72493
0.0127635 41 6.72571
0.0127635 40 6.7279
0.0127635 39 6.73174
0.0125701 39 6.73298
0.0125701 38 6.73537
0.0123767 38 6.74782
0.0121833 38 6.75431
0.0119899 38 6.75477
0.0119899 37 6.75523
0.0119899 36 6.75676
0.0117966 36 6.75844
0.0116032 36 6.76054
0.0114098 36 6.76172
0.0112164 36 6.76174
0.011023 36 6.76275
0.0108296 36 6.76358
0.0106362 36 6.76431
0.0104429 36 6.77244
0.0102495 36 6.77757
0.0100561 36 6.77807
0.0098627 36 6.78416
0.0098627 35 6.78493
0.0098627 34 6.79037
0.00966931 34 6.79176
0.00947592 34 6.79326
0.00947592 33 6.7942
0.00947592 32 6.79553
0.00928254 32 6.79739
0.00908915 32 6.7984
0.00908915 31 6.79877
0.00908915 30 6.80244
0.00908915 29 6.80395
0.00889576 29 6.8059
0.00889576 28 6.81075
0.00889576 27 6.81121
0.00889576 26 6.81785
0.00870238 26 6.82356
0.00850899 26 6.82907
0.00831561 26 6.83753
0.00812222 26 6.83789
0.00792883 26 6.85558
0.00773545 26 6.86583
0.00773545 25 6.87018
0.00754206 25 6.87632
0.00754206 24 6.87742
0.00754206 23 6.88361
0.00754206 22 6.88555
0.00734868 22 6.8907
0.00715529 22 6.8941
0.0069619 22 6.90286
0.0069619 21 6.91352
0.0069619 20 6.91403
0.00676852 20 6.91755
0.00676852 19 6.93486
0.00657513 19 6.94629
0.00638174 19 6.95027
0.00638174 18 6.95425
0.00618836 18 6.96013
0.00599497 18 6.9602
0.00599497 17 6.96687
0.00599497 16 6.9676
0.00580159 16 6.96989
0.0056082 16 7.00852
0.00541481 16 7.01864
0.00522143 16 7.02333
0.00522143 15 7.02828
0.00502804 15 7.03011
0.00483465 15 7.03188
0.00464127 15 7.04467
0.00464127 14 7.045
0.00444788 14 7.05442
0.0042545 14 7.05528
0.0042545 13 7.05981
0.0042545 12 7.07063
0.00406111 12 7.0989
0.00386772 12 7.10345
0.00386772 11 7.11721
0.00386772 10 7.14494
0.00367434 10 7.14731
0.00348095 10 7.16673
0.00348095 9 7.1707
0.00328757 9 7.17888
0.00309418 9 7.21465
0.00290079 9 7.22155
0.00270741 9 7.22411
0.00251402 9 7.24702
0.00251402 8 7.2506
0.00232063 8 7.30383
0.00212725 8 7.31101
0.00212725 7 7.34617
0.00212725 6 7.34805
0.00212725 5 7.36023
0.00193386 5 7.38269
0.00193386 4 7.39059
0.00174048 4 7.43142
0.00154709 4 7.44607
0.00154709 3 7.46842
0.00154709 2 7.46916
0.00154709 1 7.49872
0.00154709 0 7.53962
0.0013537 0 7.58805
0.00116032 0 7.59326
0.000966931 0 7.64871
0.000773545 0 7.701
0.000580159 0 7.91638
0.000386772 0 7.94496
0.000193386 0 8.19825
0 0 1e+020
0 0 1e+020
0 0 1e+020
0 0 1e+020
0 0 1e+020
0 0 1e+020
0 0 1e+020
0 0 1e+020
0 0 1e+020
0 0 1e+020
0 0 1e+020
0 0 1e+020
0 0 1e+020
0 0 1e+020
0 0 1e+020
0 0 1e+020
0 0 1e+020
0 0 1e+020
0 0 1e+020
0 0 1e+020
0 0 1e+020
0 0 1e+020
0 0 1e+020
0 0 1e+020
0 0 1e+020
0 0 1e+020
0 0 1e+020
0 0 1e+020
0 0 1e+020
0 0 1e+020
0 0 1e+020
0 0 1e+020
0 0 1e+020
0 0 1e+020
0 0 1e+020
0 0 1e+020
0 0 1e+020
0 0 1e+020
0 0 1e+020
0 0 1e+020
0 0 1e+020
0 0 1e+020
0 0 1e+020
0 0 1e+020
0 0 1e+020
0 0 1e+020
0 0 1e+020
0 0 1e+020
0 0 1e+020
0 0 1e+020
0 0 1e+020
0 0 1e+020
0 0 1e+020
0 0 1e+020
0 0 1e+020
0 0 1e+020
0 0 1e+020
0 0 1e+020
0 0 1e+020
0 0 1e+020
0 0 1e+020
0 0 1e+020
0 0 1e+020
0 0 1e+020
0 0 1e+020
0 0 1e+020
0 0 1e+020
0 0 1e+020
0 0 1e+020
0 0 1e+020
0 0 1e+020
0 0 1e+020
0 0 1e+020
0 0 1e+020
0 0 1e+020
0 0 1.79769e+308
