0.385142 1934
0.385022 1934
0.384938 1933
0.384818 1933
0.384589 1933
0.384479 1933
0.384359 1933
0.384359 1932
0.384356 1931
0.384247 1931
0.38413 1931
0.384016 1931
0.383922 1930
0.383826 1929
0.383719 1929
0.383614 1929
0.383478 1929
0.383369 1929
0.38323 1929
0.38323 1928
0.383111 1928
0.383006 1928
0.382895 1928
0.382769 1928
0.382676 1927
0.382548 1927
0.382418 1927
0.382417 1926
0.382329 1925
0.38221 1925
0.38221 1924
0.381977 1924
0.381858 1924
0.38174 1924
0.38174 1923
0.381605 1923
0.381514 1922
0.381344 1920
0.381234 1920
0.381234 1919
0.380999 1919
0.380999 1918
0.380887 1918
0.380763 1918
0.380762 1917
0.380665 1917
0.380665 1916
0.380538 1916
0.380436 1916
0.380342 1915
0.380246 1914
0.380126 1914
0.380032 1913
0.380032 1912
0.379923 1912
0.379827 1911
0.379693 1911
0.379594 1911
0.379489 1911
0.379489 1910
0.379489 1909
0.37939 1909
0.37939 1908
0.379307 1907
0.379202 1907
0.379102 1906
0.379008 1905
0.378895 1905
0.378799 1905
0.3787 1905
0.3787 1904
0.378579 1904
0.378579 1903
0.378453 1903
0.378349 1903
0.378349 1902
0.378232 1902
0.378232 1901
0.378134 1901
0.378134 1900
0.378015 1900
0.377897 1900
0.377811 1899
0.37768 1899
0.37756 1899
0.377447 1899
0.377332 1899
0.377219 1899
0.37713 1898
0.377019 1898
0.376909 1898
0.376844 1897
0.376729 1897
0.376614 1897
0.376614 1896
0.376499 1896
0.376499 1895
0.37643 1894
0.376307 1894
0.376216 1893
0.376096 1893
0.375988 1893
0.37589 1893
0.375804 1892
0.375675 1892
0.375553 1892
0.375449 1892
0.375449 1891
0.375329 1891
0.375206 1891
0.375206 1890
0.375091 1890
0.374983 1890
0.374865 1890
0.374763 1890
0.374692 1889
0.374482 1889
0.374384 1889
0.374384 1888
0.374257 1888
0.374257 1887
0.374145 1887
0.374053 1886
0.373978 1885
0.373978 1884
0.373978 1883
0.373867 1883
0.373753 1883
0.373753 1882
0.373753 1881
0.373636 1881
0.373518 1881
0.373423 1880
0.373319 1880
0.37319 1880
0.373081 1880
0.373002 1879
0.372918 1879
0.372918 1878
0.372808 1878
0.372712 1877
0.372607 1877
0.372491 1877
0.372491 1876
0.372376 1876
0.372376 1875
0.372315 1874
0.372214 1874
0.37214 1873
0.372008 1873
0.371907 1873
0.371794 1873
0.371559 1873
0.37144 1873
0.371327 1873
0.371198 1873
0.371198 1872
0.371106 1871
0.371028 1870
0.371019 1869
0.370889 1869
0.370775 1868
0.37067 1868
0.370601 1867
0.370601 1866
0.370601 1864
0.370601 1863
0.370494 1863
0.370378 1863
0.370268 1863
0.370163 1863
0.370051 1863
0.369929 1863
0.369828 1863
0.369727 1863
0.369652 1862
0.369559 1861
0.369388 1859
0.369388 1858
0.369281 1858
0.36918 1858
0.36918 1857
0.369074 1857
0.368965 1857
0.368869 1856
0.368735 1856
0.368632 1856
0.368543 1855
0.368438 1855
0.368333 1855
0.368215 1855
0.368215 1854
0.368131 1853
0.368024 1853
0.368024 1852
0.367922 1852
0.367818 1852
0.367702 1852
0.367702 1851
0.367474 1851
0.367363 1851
0.367251 1851
0.367145 1851
0.367026 1850
0.367026 1849
0.366979 1849
0.366904 1848
0.366819 1847
0.366819 1846
0.366715 1846
0.366587 1846
0.366473 1846
0.366473 1845
0.366473 1844
0.366426 1843
0.36637 1842
0.36634 1841
0.366218 1841
0.366108 1841
0.366005 1841
0.365916 1840
0.365785 1840
0.365665 1840
0.365564 1840
0.365434 1839
0.365328 1839
0.365236 1838
0.365127 1838
0.364989 1838
0.364989 1837
0.364989 1836
0.364989 1835
0.364756 1835
0.364657 1835
0.364551 1835
0.364468 1834
0.364342 1834
0.364219 1834
0.36409 1834
0.363983 1834
0.363861 1834
0.363755 1834
0.363558 1833
0.363444 1833
0.363326 1833
0.363191 1833
0.363061 1833
0.362955 1833
0.362851 1833
0.362741 1833
0.362655 1832
0.362558 1832
0.362442 1832
0.362442 1831
0.36234 1831
0.36234 1830
0.36234 1829
0.362112 1829
0.362112 1828
0.362002 1828
0.361912 1827
0.361819 1826
0.361723 1825
0.36165 1824
0.361538 1824
0.361414 1824
0.361379 1824
0.36127 1824
0.361164 1824
0.361051 1824
0.360939 1824
0.360881 1823
0.36076 1823
0.360646 1823
0.360646 1822
0.360646 1821
0.360646 1820
0.360544 1820
0.360454 1819
0.360348 1819
0.360226 1819
0.360119 1819
0.360119 1818
0.360119 1817
0.360001 1817
0.359931 1816
0.359858 1815
0.359858 1814
0.359756 1814
0.35967 1813
0.35958 1812
0.359455 1812
0.359455 1811
0.359383 1810
0.359383 1809
0.359271 1809
0.359151 1809
0.359151 1807
0.359039 1807
0.358939 1807
0.358939 1806
0.358839 1806
0.358839 1805
0.358741 1805
0.358622 1805
0.358535 1804
0.358408 1804
0.358408 1803
0.358307 1803
0.358193 1803
0.358096 1802
0.358003 1801
0.358003 1800
0.35789 1800
0.357781 1800
0.357781 1799
0.357695 1798
0.357695 1797
0.357568 1797
0.35747 1797
0.357396 1796
0.357315 1795
0.357205 1795
0.357078 1795
0.356953 1795
0.356855 1795
0.356854 1794
0.356744 1794
0.356632 1794
0.356632 1793
0.356562 1792
0.356562 1791
0.356459 1791
0.356374 1790
0.356256 1789
0.356158 1789
0.356004 1789
0.355872 1789
0.355872 1788
0.355789 1787
0.355679 1787
0.355578 1787
0.355469 1787
0.355366 1787
0.355274 1786
0.355274 1785
0.355274 1784
0.355184 1783
0.355108 1781
0.355006 1781
0.354907 1781
0.354809 1781
0.354809 1779
0.354761 1778
0.354678 1777
0.354578 1777
0.35446 1777
0.354339 1777
0.354224 1777
0.354224 1776
0.354128 1775
0.35403 1775
0.35394 1774
0.353833 1774
0.353738 1773
0.353624 1773
0.353624 1772
0.353542 1771
0.353434 1771
0.353434 1770
0.353434 1769
0.353336 1769
0.353256 1768
0.353132 1768
0.353021 1768
0.352831 1767
0.35273 1767
0.352612 1767
0.352507 1767
0.35242 1766
0.352301 1766
0.352301 1765
0.352301 1764
0.352198 1764
0.352198 1763
0.352122 1762
0.352033 1761
0.351946 1760
0.351849 1760
0.351742 1760
0.351742 1759
0.35162 1759
0.351534 1758
0.351294 1757
0.351185 1757
0.351185 1756
0.351073 1756
0.350963 1756
0.350853 1755
0.350739 1755
0.350662 1754
0.350547 1754
0.350443 1754
0.35034 1754
0.35034 1753
0.350259 1752
0.350146 1752
0.350146 1751
0.350146 1750
0.35001 1750
0.349915 1749
0.349825 1748
0.349747 1747
0.349632 1747
0.349632 1746
0.349542 1745
0.349446 1744
0.349446 1743
0.349351 1742
0.349238 1742
0.34915 1742
0.349075 1742
0.348943 1742
0.348825 1742
0.348712 1742
0.34861 1742
0.348494 1742
0.348383 1742
0.348277 1742
0.34817 1742
0.348056 1742
0.34793 1742
0.347829 1742
0.34772 1742
0.347611 1742
0.347577 1741
0.347463 1741
0.347336 1741
0.347169 1739
0.347169 1738
0.347063 1738
0.346943 1738
0.346943 1737
0.346827 1737
0.346706 1737
0.346645 1736
0.346645 1735
0.346645 1734
0.346538 1734
0.34642 1734
0.346333 1733
0.346217 1733
0.346123 1732
0.346003 1732
0.345891 1732
0.345764 1732
0.345648 1732
0.345648 1731
0.345548 1731
0.345472 1730
0.345384 1729
0.345267 1729
0.345267 1728
0.345145 1728
0.345145 1727
0.345024 1727
0.344913 1727
0.344819 1726
0.344727 1725
0.344617 1725
0.344496 1725
0.344387 1725
0.344318 1724
0.34418 1724
0.34418 1723
0.344064 1723
0.344064 1722
0.343941 1722
0.343832 1722
0.343693 1722
0.343693 1721
0.343693 1720
0.343637 1719
0.343518 1719
0.343311 1718
0.343217 1717
0.343129 1716
0.343025 1716
0.342929 1715
0.342929 1714
0.342824 1714
0.342706 1714
0.342577 1713
0.342475 1713
0.342475 1712
0.342378 1712
0.342259 1712
0.342259 1711
0.342138 1711
0.34205 1710
0.341952 1710
0.341818 1710
0.34172 1710
0.34172 1709
0.341609 1709
0.341609 1708
0.341499 1708
0.341384 1708
0.341277 1708
0.341188 1707
0.341188 1706
0.341088 1706
0.341088 1705
0.340969 1705
0.340873 1704
0.340873 1703
0.340745 1703
0.340622 1703
0.340507 1703
0.340409 1703
0.340301 1703
0.340301 1702
0.340301 1701
0.340193 1701
0.340074 1700
0.33996 1700
0.339869 1699
0.339753 1698
0.339753 1697
0.339644 1697
0.33953 1697
0.339444 1695
0.339341 1695
0.339241 1695
0.339129 1695
0.339031 1695
0.339031 1694
0.338939 1693
0.338804 1693
0.338719 1691
0.338719 1690
0.33861 1690
0.338589 1689
0.338487 1689
0.338306 1686
0.33818 1686
0.338052 1686
0.338052 1685
0.337935 1685
0.337812 1685
0.337685 1685
0.337573 1685
0.337573 1684
0.337573 1683
0.337573 1682
0.337462 1682
0.337364 1682
0.337284 1681
0.33719 1679
0.337081 1679
0.336976 1679
0.336874 1679
0.336766 1679
0.336678 1678
0.336582 1677
0.336481 1677
0.336277 1676
0.336168 1676
0.33606 1676
0.335953 1676
0.335745 1675
0.335631 1675
0.335519 1675
0.33539 1675
0.33539 1674
0.335268 1674
0.335166 1674
0.335166 1673
0.335078 1672
0.335078 1671
0.334952 1671
0.334845 1671
0.334845 1670
0.334774 1669
0.334678 1668
0.334604 1667
0.334486 1667
0.334486 1666
0.334486 1665
0.334385 1665
0.334296 1664
0.332138 1649
0.332009 1649
0.33192 1648
0.33181 1648
0.331703 1648
0.331615 1647
0.331502 1647
0.331374 1646
0.331295 1645
0.331205 1644
0.331088 1644
0.330975 1644
0.330874 1644
0.330871 1643
0.330755 1643
0.330637 1643
0.330522 1643
0.330522 1642
0.33043 1641
0.330297 1641
0.330297 1640
0.330297 1639
0.330202 1638
0.330107 1637
0.329985 1637
0.329872 1637
0.329872 1636
0.329745 1636
0.329646 1636
0.329601 1635
0.329487 1635
0.329415 1634
0.329279 1634
0.329166 1634
0.329053 1634
0.328922 1634
0.328922 1633
0.328815 1633
0.328749 1632
0.32863 1632
0.328517 1632
0.328415 1632
0.328277 1632
0.328218 1631
0.327957 1631
0.327751 1630
0.327751 1629
0.327635 1629
0.327512 1629
0.327421 1628
0.327334 1627
0.327214 1627
0.327095 1627
0.326967 1627
0.326853 1627
0.32675 1627
0.326744 1626
0.326651 1626
0.326607 1625
0.326607 1624
0.326607 1623
0.326487 1623
0.326366 1623
0.326249 1623
0.326249 1622
0.326237 1621
0.326153 1620
0.326036 1620
0.325959 1620
0.325861 1620
0.325744 1620
0.325679 1619
0.325566 1619
0.325438 1619
0.325355 1618
0.325258 1618
0.32505 1617
0.324925 1617
0.32482 1617
0.324706 1617
0.324706 1616
0.324706 1614
0.324603 1614
0.32445 1614
0.32437 1613
0.324246 1613
0.324219 1612
0.324212 1611
0.324102 1611
0.323999 1610
0.323999 1609
0.323999 1608
0.323903 1607
0.323812 1606
0.323776 1605
0.323658 1605
0.323545 1604
0.323431 1604
0.323325 1604
0.323216 1604
0.323101 1604
0.323019 1602
0.322946 1601
0.322868 1600
0.322868 1599
0.322781 1598
0.32267 1598
0.322573 1598
0.322573 1597
0.322475 1597
0.322359 1597
0.322359 1596
0.322245 1596
0.322163 1595
0.322052 1595
0.322052 1594
0.321951 1594
0.321856 1593
0.321732 1593
0.32162 1593
0.321508 1593
0.321413 1592
0.321188 1591
0.32108 1591
0.32108 1590
0.320978 1590
0.320865 1590
0.320743 1590
0.320642 1590
0.320546 1589
0.320454 1588
0.320318 1588
0.320318 1587
0.320206 1587
0.320206 1586
0.32011 1585
0.320002 1585
0.319889 1585
0.319766 1585
0.319766 1584
0.319653 1584
0.319554 1584
0.319554 1583
0.319554 1582
0.319436 1582
0.31931 1582
0.3192 1582
0.319099 1582
0.319099 1581
0.318984 1581
0.318907 1580
0.318794 1580
0.318679 1580
0.31856 1580
0.31856 1579
0.31844 1579
0.318346 1578
0.318214 1578
0.318214 1577
0.318119 1576
0.318 1576
0.318 1575
0.317915 1574
0.317915 1573
0.31782 1572
0.317708 1572
0.317593 1572
0.317593 1571
0.317593 1570
0.317473 1569
0.317372 1569
0.317264 1569
0.317264 1568
0.317179 1567
0.317059 1567
0.316948 1567
0.316831 1567
0.316727 1567
0.316604 1567
0.316498 1567
0.316396 1567
0.316286 1567
0.316181 1567
0.31607 1567
0.31607 1566
0.315944 1566
0.315834 1566
0.315722 1566
0.315585 1566
0.315472 1566
0.315429 1565
0.315429 1564
0.315429 1563
0.315319 1563
0.315185 1563
0.314983 1562
0.314952 1561
0.314814 1561
0.314692 1561
0.314572 1561
0.314451 1561
0.314451 1560
0.314331 1560
0.314108 1560
0.313997 1560
0.313904 1559
0.313806 1559
0.313686 1559
0.313686 1558
0.313567 1558
0.313468 1558
0.313377 1557
0.313252 1557
0.313252 1556
0.313245 1555
0.31304 1554
0.312919 1554
0.312798 1554
0.312678 1554
0.312561 1554
0.312481 1553
0.312374 1553
0.312374 1552
0.312324 1551
0.31222 1551
0.312114 1551
0.312025 1550
0.311909 1550
0.311801 1550
0.311801 1549
0.311683 1549
0.311569 1549
0.311447 1549
0.311324 1549
0.311215 1549
0.311109 1549
0.311025 1548
0.310958 1547
0.310858 1547
0.310763 1546
0.31065 1546
0.310527 1546
0.310426 1546
0.310426 1545
0.310305 1545
0.310234 1544
0.310234 1543
0.310112 1543
0.309989 1543
0.309875 1543
0.309745 1543
0.309629 1543
0.309545 1542
0.309545 1541
0.309429 1541
0.309314 1541
0.309195 1541
0.309129 1540
0.309129 1539
0.309038 1538
0.309038 1537
0.308946 1536
0.308852 1535
0.308852 1534
0.308749 1534
0.308653 1534
0.308549 1534
0.30843 1534
0.30843 1533
0.30843 1531
0.308312 1531
0.308197 1531
0.308108 1530
0.307891 1530
0.307794 1530
0.307705 1529
0.307601 1529
0.307601 1528
0.307502 1528
0.307412 1527
0.307412 1526
0.307283 1526
0.307152 1526
0.307034 1526
0.306899 1526
0.306768 1526
0.306743 1525
0.306639 1525
0.306523 1525
0.306392 1525
0.306392 1524
0.306392 1523
0.306278 1523
0.306278 1522
0.306278 1521
0.306176 1521
0.306089 1520
0.306089 1519
0.306088 1518
0.305975 1518
0.305975 1517
0.305855 1517
0.305855 1516
0.305781 1515
0.305781 1514
0.305655 1514
0.305561 1513
0.305456 1513
0.305323 1513
0.305203 1513
0.305112 1512
0.305112 1511
0.305035 1510
0.304919 1510
0.304818 1510
0.304818 1509
0.304705 1509
0.304608 1509
0.304532 1508
0.304429 1508
0.304312 1508
0.304217 1507
0.304157 1506
0.304052 1506
0.304052 1505
0.303958 1504
0.303865 1503
0.303735 1503
0.303631 1503
0.303514 1503
0.303443 1502
0.303422 1501
0.303422 1500
0.303306 1500
0.303202 1500
0.303202 1499
0.302996 1498
0.302996 1497
0.302788 1497
0.302645 1497
0.302645 1495
0.302596 1494
0.302596 1493
0.302467 1493
0.302352 1493
0.302279 1492
0.302176 1492
0.302057 1492
0.302057 1491
0.301947 1491
0.301713 1491
0.301713 1490
0.301611 1490
0.301529 1489
0.30142 1489
0.30142 1488
0.301321 1488
0.301224 1488
0.301086 1488
0.301002 1486
0.300936 1485
0.300841 1484
0.300742 1484
0.300742 1483
0.300613 1483
0.300502 1483
0.300412 1482
0.300315 1481
0.30022 1480
0.300145 1479
0.300145 1478
0.299943 1478
0.299837 1478
0.299711 1478
0.299623 1477
0.299623 1476
0.299511 1476
0.299391 1476
0.299391 1475
0.299273 1475
0.299273 1474
0.299273 1473
0.299144 1473
0.299043 1473
0.298925 1473
0.298819 1473
0.298725 1472
0.298631 1471
0.298488 1471
0.298366 1471
0.298229 1471
0.298109 1470
0.297997 1470
0.29789 1470
0.297659 1470
0.297659 1469
0.297659 1468
0.297552 1468
0.297419 1468
0.297195 1468
0.297094 1468
0.29703 1467
0.296929 1467
0.296843 1466
0.296742 1466
0.296742 1465
0.296618 1465
0.296508 1465
0.29641 1465
0.29641 1464
0.296312 1464
0.29619 1464
0.296084 1464
0.296084 1463
0.296084 1462
0.295982 1462
0.295866 1462
0.295772 1461
0.295662 1461
0.295559 1461
0.295469 1460
0.295357 1460
0.295245 1460
0.295245 1459
0.295136 1459
0.295028 1459
0.294926 1459
0.29482 1459
0.294701 1459
0.294701 1458
0.294701 1457
0.294604 1457
0.294509 1456
0.294388 1456
0.29426 1456
0.29426 1455
0.294159 1455
0.294159 1454
0.294044 1454
0.293928 1454
0.293928 1453
0.293824 1453
0.293733 1452
0.293639 1451
0.293513 1451
0.293513 1450
0.293513 1449
0.293404 1449
0.293404 1448
0.293304 1448
0.293195 1448
0.293076 1448
0.292987 1447
0.29286 1447
0.292766 1446
0.292657 1446
0.292537 1446
0.292537 1445
0.292537 1444
0.292445 1443
0.292327 1443
0.292208 1443
0.292131 1442
0.292002 1442
0.292002 1441
0.292002 1440
0.291887 1440
0.291887 1439
0.291756 1439
0.29153 1439
0.291417 1439
0.291296 1439
0.291183 1439
0.291183 1438
0.291082 1438
0.290987 1437
0.290862 1437
0.290737 1437
0.290629 1437
0.29042 1437
0.290308 1437
0.290308 1436
0.29019 1436
0.290103 1435
0.29001 1434
0.289896 1434
0.289813 1433
0.2897 1433
0.289617 1432
0.289493 1432
0.289412 1431
0.289313 1431
0.289313 1430
0.289196 1430
0.289116 1429
0.289104 1428
0.288998 1428
0.288878 1428
0.288878 1427
0.28879 1426
0.288685 1426
0.288575 1426
0.288456 1426
0.28835 1426
0.288239 1426
0.288139 1426
0.288024 1426
0.288024 1425
0.287879 1425
0.287879 1424
0.287767 1424
0.287655 1424
0.287573 1423
0.287474 1423
0.287401 1422
0.287305 1421
0.28719 1421
0.287072 1421
0.286949 1421
0.286851 1421
0.286773 1420
0.286662 1420
0.286547 1420
0.286322 1420
0.286258 1419
0.286258 1418
0.28614 1418
0.285968 1417
0.285905 1416
0.285818 1415
0.285713 1415
0.285635 1414
0.285517 1414
0.285421 1413
0.285304 1413
0.285193 1413
0.285081 1413
0.284854 1413
0.284754 1413
0.284754 1412
0.284629 1412
0.284496 1412
0.284369 1412
0.284369 1411
0.284265 1411
0.284265 1410
0.284265 1409
0.284265 1408
0.284122 1408
0.284018 1408
0.283932 1407
0.283825 1407
0.283723 1407
0.283613 1407
0.283512 1407
0.283399 1407
0.283308 1406
0.283308 1405
0.283106 1405
0.283002 1405
0.283002 1404
0.282906 1403
0.282906 1402
0.282857 1401
0.282765 1400
0.282643 1400
0.282426 1400
0.28233 1399
0.282236 1398
0.282236 1397
0.282148 1396
0.282064 1395
0.281934 1395
0.281934 1394
0.281826 1394
0.281704 1394
0.281617 1393
0.281538 1392
0.281463 1391
0.281387 1390
0.281284 1390
0.281155 1390
0.281045 1390
0.280937 1390
0.280937 1389
0.280826 1389
0.280826 1388
0.280723 1388
0.280604 1388
0.280507 1388
0.280397 1388
0.28028 1388
0.280175 1388
0.280046 1388
0.280046 1387
0.280046 1386
0.27995 1386
0.279861 1385
0.279753 1385
0.279633 1385
0.279527 1385
0.279435 1384
0.279357 1382
0.279243 1382
0.279243 1381
0.279145 1381
0.279046 1381
0.278938 1381
0.278821 1381
0.278743 1380
0.278633 1380
0.278633 1379
0.278515 1379
0.278398 1376
0.278283 1376
0.278174 1376
0.278072 1376
0.277957 1376
0.277957 1375
0.277852 1375
0.277852 1374
0.277852 1373
0.277746 1373
0.277684 1372
0.277584 1372
0.277584 1371
0.277473 1371
0.277351 1371
0.277244 1371
0.277132 1371
0.27704 1370
0.276799 1370
0.276694 1370
0.276599 1369
0.276599 1368
0.276599 1367
0.276463 1367
0.276372 1366
0.276177 1365
0.276095 1364
0.275984 1364
0.275875 1364
0.275875 1363
0.275761 1363
0.275652 1363
0.275652 1362
0.275542 1362
0.275422 1362
0.275331 1361
0.275264 1360
0.275159 1360
0.275159 1359
0.275119 1358
0.275119 1357
0.275119 1356
0.275008 1356
0.274911 1355
0.274815 1354
0.274723 1353
0.274631 1352
0.274631 1351
0.274523 1351
0.274523 1350
0.274422 1350
0.274311 1350
0.274182 1350
0.274104 1349
0.274104 1348
0.273989 1348
0.273886 1348
0.273886 1347
0.273886 1346
0.273777 1346
0.273702 1345
0.273597 1345
0.273589 1344
0.273496 1343
0.273395 1343
0.273261 1343
0.273155 1343
0.273154 1342
0.27304 1342
0.27304 1341
0.272963 1340
0.272963 1339
0.272851 1339
0.272851 1338
0.272738 1338
0.272633 1338
0.272583 1337
0.272478 1337
0.27235 1337
0.272242 1337
0.272165 1336
0.272061 1336
0.272061 1335
0.271961 1335
0.271846 1335
0.271741 1335
0.271628 1335
0.271507 1335
0.271393 1335
0.271288 1335
0.271193 1334
0.271123 1333
0.271123 1332
0.271014 1332
0.270907 1332
0.270801 1332
0.270694 1332
0.270589 1332
0.270475 1332
0.27035 1332
0.270259 1331
0.270152 1331
0.270051 1331
0.270051 1330
0.269934 1330
0.269838 1329
0.269725 1329
0.269611 1329
0.269494 1329
0.269375 1329
0.269294 1328
0.269294 1327
0.269203 1326
0.269082 1326
0.269078 1325
0.269078 1324
0.269162 1322
0.269055 1322
0.268966 1321
0.268851 1321
0.268741 1321
0.268628 1321
0.268505 1321
0.268402 1321
0.268283 1321
0.268181 1321
0.268181 1320
0.268181 1319
0.268097 1318
0.267985 1318
0.267877 1318
0.267745 1318
0.267613 1318
0.267504 1318
0.267358 1318
0.267235 1318
0.267136 1318
0.267029 1318
0.267014 1317
0.266771 1317
0.266667 1317
0.266549 1317
0.266549 1316
0.266443 1316
0.266318 1316
0.266205 1316
0.266094 1316
0.266013 1315
0.265887 1315
0.265789 1315
0.265675 1315
0.26558 1314
0.265461 1314
0.265354 1314
0.265244 1314
0.265143 1314
0.265039 1314
0.264934 1314
0.264934 1313
0.264934 1312
0.26481 1312
0.264698 1312
0.264602 1311
0.264602 1310
0.2645 1310
0.264382 1310
0.264382 1309
0.264382 1308
0.264295 1307
0.264206 1306
0.264104 1306
0.264067 1305
0.264067 1304
0.263951 1304
0.263826 1304
0.263697 1304
0.263576 1304
0.263476 1304
0.263366 1304
0.263253 1304
0.263146 1304
0.263079 1303
0.263079 1302
0.263079 1301
0.262955 1301
0.262955 1300
0.262832 1300
0.262772 1299
0.262671 1299
0.2626 1298
0.262494 1298
0.262377 1298
0.262282 1297
0.26219 1296
0.261989 1295
0.26189 1295
0.261791 1295
0.261791 1294
0.261686 1294
0.261575 1294
0.261457 1294
0.261356 1294
0.261356 1293
0.261245 1293
0.261142 1293
0.261142 1292
0.261011 1292
0.260902 1291
0.260782 1291
0.260782 1290
0.260779 1289
0.260671 1289
0.260554 1289
0.260456 1289
0.260357 1289
0.260258 1289
0.260145 1289
0.26007 1288
0.259886 1286
0.259763 1286
0.259763 1285
0.259647 1285
0.259555 1284
0.259461 1283
0.259326 1283
0.259227 1283
0.259121 1283
0.259011 1283
0.258902 1283
0.258902 1282
0.258902 1281
0.258794 1281
0.258699 1280
0.258567 1280
0.258567 1279
0.258463 1279
0.258349 1279
0.258247 1279
0.258247 1278
0.258164 1277
0.258164 1276
0.258062 1276
0.257946 1276
0.257946 1275
0.257837 1275
0.257716 1275
0.257605 1275
0.25752 1274
0.257418 1274
0.2573 1273
0.257202 1273
0.257095 1273
0.256993 1273
0.25688 1273
0.256672 1272
0.256605 1271
0.256484 1271
0.256362 1271
0.256266 1270
0.256157 1270
0.256157 1269
0.256023 1269
0.255891 1269
0.255806 1268
0.2557 1268
0.255584 1268
0.255584 1267
0.255491 1266
0.255396 1266
0.255288 1266
0.255168 1266
0.254828 1266
0.254696 1266
0.254577 1266
0.254476 1266
0.254355 1266
0.254355 1265
0.254355 1264
0.254242 1264
0.254242 1263
0.254146 1263
0.254034 1263
0.253934 1263
0.253832 1263
0.253703 1263
0.253589 1263
0.253491 1263
0.253388 1263
0.253342 1263
0.253213 1263
0.253096 1263
0.252978 1263
0.25291 1262
0.25291 1261
0.252782 1261
0.25267 1261
0.252552 1261
0.252317 1261
0.252317 1260
0.2522 1260
0.252124 1259
0.252123 1258
0.252027 1257
0.251922 1257
0.251793 1257
0.25167 1257
0.251556 1257
0.251448 1257
0.251347 1257
0.251228 1257
0.251228 1256
0.251167 1256
0.251043 1256
0.251043 1255
0.250948 1254
0.250948 1253
0.250828 1253
0.250828 1252
0.250744 1251
0.250703 1250
0.250703 1249
0.250609 1248
0.250609 1247
0.25049 1247
0.250373 1247
0.250373 1246
0.250258 1246
0.250155 1246
0.250024 1246
0.24991 1246
0.24981 1246
0.24981 1245
0.249699 1245
0.249585 1245
0.249484 1245
0.249368 1245
0.249238 1245
0.249168 1244
0.24906 1244
0.24906 1243
0.248963 1243
0.248861 1243
0.248745 1243
0.24863 1243
0.248508 1243
0.248266 1242
0.248175 1241
0.248082 1240
0.247881 1239
0.247643 1239
0.247539 1239
0.247539 1238
0.247539 1237
0.24744 1237
0.24744 1236
0.247326 1236
0.247322 1235
0.247206 1235
0.247206 1234
0.247076 1234
0.246981 1233
0.246866 1233
0.246791 1232
0.246701 1231
0.246613 1230
0.246518 1229
0.2464 1229
0.246273 1229
0.246151 1229
0.24604 1229
0.245924 1229
0.245836 1228
0.245836 1227
0.245728 1227
0.245636 1226
0.245516 1226
0.245419 1225
0.245296 1225
0.24518 1225
0.24518 1224
0.245079 1224
0.244983 1223
0.244857 1223
0.244738 1223
0.244631 1223
0.244546 1222
0.244439 1222
0.244439 1221
0.244326 1221
0.244326 1220
0.244263 1219
0.244139 1219
0.244022 1219
0.24391 1219
0.24391 1218
0.243797 1218
0.24368 1218
0.243581 1218
0.243465 1218
0.243362 1218
0.243362 1217
0.243362 1216
0.243272 1215
0.243173 1215
0.243074 1215
0.243074 1214
0.242982 1213
0.242879 1213
0.242768 1213
0.242625 1212
0.242497 1212
0.242379 1212
0.242271 1212
0.242157 1212
0.242157 1211
0.242157 1210
0.242043 1210
0.241938 1210
0.241827 1210
0.241726 1210
0.241726 1209
0.241627 1209
0.241509 1209
0.24142 1208
0.241313 1208
0.241222 1207
0.241117 1207
0.241026 1206
0.24092 1206
0.240819 1206
0.240721 1206
0.240623 1206
0.240623 1205
0.240507 1205
0.240405 1205
0.240327 1204
0.240189 1204
0.240087 1204
0.23998 1204
0.23989 1203
0.23978 1203
0.239674 1203
0.239544 1203
0.239454 1202
0.239345 1202
0.239345 1201
0.239345 1200
0.239345 1199
0.239252 1198
0.239129 1198
0.239029 1198
0.238899 1198
0.238775 1198
0.238668 1198
0.238589 1197
0.238483 1197
0.238367 1197
0.238259 1197
0.238259 1196
0.23818 1195
0.238052 1195
0.237948 1195
0.237834 1195
0.237834 1194
0.237834 1193
0.237834 1192
0.237724 1192
0.237672 1191
0.23755 1191
0.237366 1190
0.237265 1190
0.237265 1189
0.237177 1188
0.237085 1187
0.237 1186
0.23687 1186
0.236768 1186
0.236768 1185
0.236651 1185
0.236531 1185
0.236426 1185
0.236326 1185
0.236214 1185
0.236213 1184
0.236091 1184
0.235987 1184
0.235894 1183
0.235812 1182
0.235723 1181
0.23561 1181
0.23551 1181
0.235413 1180
0.235333 1179
0.235244 1178
0.235121 1178
0.234989 1178
0.234918 1177
0.234918 1176
0.234805 1176
0.234737 1175
0.234643 1174
0.234559 1173
0.234459 1173
0.234459 1172
0.234358 1172
0.23425 1172
0.234143 1172
0.234056 1171
0.233943 1171
0.233825 1171
0.233709 1171
0.23358 1171
0.233498 1170
0.233401 1169
0.233318 1168
0.233215 1168
0.23314 1167
0.233027 1167
0.232932 1166
0.232932 1165
0.232819 1165
0.232701 1165
0.232701 1164
0.232575 1164
0.232575 1163
0.23254 1162
0.232427 1162
0.232318 1162
0.232269 1161
0.23225 1160
0.232146 1160
0.232055 1159
0.231955 1159
0.231887 1158
0.231796 1157
0.231796 1156
0.231705 1155
0.231585 1155
0.231468 1155
0.231468 1154
0.231468 1153
0.231364 1153
0.231259 1153
0.231259 1152
0.231147 1152
0.231045 1152
0.231045 1151
0.230937 1151
0.230937 1150
0.230864 1149
0.230742 1149
0.230633 1149
0.230531 1149
0.230419 1149
0.230309 1149
0.230199 1149
0.230105 1148
0.23 1148
0.229878 1148
0.229761 1148
0.229761 1147
0.229663 1147
0.229547 1147
0.229446 1147
0.229392 1146
0.229268 1146
0.229153 1146
0.22906 1145
0.228958 1145
0.22885 1145
0.228738 1145
0.228679 1144
0.228679 1143
0.228556 1143
0.228556 1141
0.228422 1141
0.228317 1141
0.228219 1141
0.228099 1141
0.227984 1141
0.227984 1140
0.227984 1139
0.227902 1138
0.227781 1138
0.227781 1137
0.227557 1137
0.227557 1136
0.227442 1136
0.227322 1136
0.227194 1136
0.227078 1136
0.226996 1135
0.226879 1135
0.226879 1134
0.22677 1134
0.226681 1133
0.226568 1133
0.226458 1133
0.226338 1133
0.226225 1133
0.226114 1133
0.226024 1132
0.225898 1132
0.225783 1132
0.22571 1131
0.225631 1130
0.225531 1130
0.225531 1129
0.225404 1129
0.22529 1129
0.22529 1128
0.22529 1127
0.2252 1126
0.225086 1126
0.225086 1125
0.224988 1125
0.224884 1125
0.224674 1125
0.22456 1125
0.224439 1125
0.224323 1125
0.224323 1124
0.224323 1123
0.224323 1122
0.224232 1121
0.224154 1120
0.224013 1120
0.22393 1119
0.223711 1119
0.223605 1119
0.22353 1118
0.223403 1118
0.2233 1118
0.223186 1118
0.22306 1118
0.22306 1117
0.222964 1116
0.222903 1115
0.222792 1115
0.222672 1115
0.222578 1114
0.222578 1113
0.222466 1113
0.22238 1112
0.222272 1112
0.22216 1112
0.222055 1112
0.222055 1111
0.221945 1111
0.221836 1111
0.221836 1110
0.221712 1110
0.221618 1109
0.221618 1108
0.221513 1108
0.221412 1108
0.221281 1108
0.22117 1108
0.22117 1107
0.221093 1106
0.220999 1105
0.220895 1105
0.220792 1105
0.220672 1105
0.22055 1105
0.22055 1104
0.220444 1104
0.220318 1104
0.220212 1104
0.220094 1104
0.219868 1104
0.219868 1103
0.219768 1103
0.219671 1102
0.219671 1101
0.21959 1100
0.219409 1099
0.219286 1099
0.219198 1098
0.219198 1097
0.219087 1097
0.218978 1097
0.218902 1096
0.218775 1096
0.218695 1095
0.218605 1094
0.218576 1093
0.218453 1093
0.218343 1093
0.21827 1092
0.218184 1091
0.218064 1091
0.21795 1091
0.217852 1091
0.217729 1091
0.217474 1091
0.217365 1091
0.217248 1091
0.217127 1091
0.217017 1091
0.216895 1091
0.21678 1091
0.216675 1091
0.216675 1090
0.216568 1090
0.216484 1089
0.216388 1088
0.216279 1088
0.216166 1088
0.216166 1087
0.216166 1086
0.216077 1085
0.215947 1085
0.215853 1084
0.215853 1083
0.215735 1083
0.215735 1082
0.215735 1081
0.215657 1080
0.215612 1079
0.215581 1078
0.215467 1078
0.215354 1078
0.215354 1077
0.215354 1076
0.215251 1076
0.215123 1076
0.215022 1076
0.214909 1076
0.214868 1075
0.214759 1075
0.21464 1075
0.214499 1075
0.214499 1074
0.214392 1074
0.214279 1074
0.21417 1074
0.214052 1074
0.213944 1074
0.213897 1073
0.213836 1072
0.213695 1072
0.213591 1072
0.213515 1071
0.213515 1070
0.213411 1070
0.213411 1069
0.213297 1069
0.213177 1069
0.213121 1068
0.212999 1068
0.212872 1068
0.212768 1068
0.212768 1067
0.212652 1067
0.212541 1067
0.212422 1067
0.212295 1067
0.212295 1066
0.212169 1066
0.212054 1066
0.211949 1066
0.211866 1065
0.21176 1065
0.211659 1065
0.21157 1064
0.211491 1063
0.211371 1063
0.211254 1063
0.211135 1063
0.211054 1062
0.211054 1061
0.210939 1061
0.210939 1060
0.210939 1059
0.210939 1058
0.210842 1058
0.210732 1058
0.210651 1057
0.210651 1056
0.210651 1055
0.210545 1055
0.210429 1055
0.210319 1055
0.210319 1054
0.210319 1053
0.210319 1052
0.21021 1052
0.210104 1052
0.210003 1052
0.209893 1052
0.209893 1051
0.209802 1050
0.209727 1049
0.209639 1048
0.209538 1048
0.209538 1047
0.209422 1047
0.20929 1047
0.209194 1046
0.209086 1046
0.208962 1046
0.20885 1046
0.208769 1045
0.208656 1045
0.208542 1045
0.208542 1044
0.208409 1044
0.208286 1044
0.208066 1043
0.207929 1043
0.20783 1043
0.207724 1043
0.207613 1043
0.207517 1042
0.207517 1041
0.207517 1040
0.207404 1040
0.207334 1039
0.207243 1038
0.207164 1037
0.207164 1036
0.207041 1036
0.206953 1035
0.206953 1034
0.206814 1032
0.206724 1031
0.20662 1031
0.2065 1031
0.20641 1030
0.20641 1029
0.206293 1029
0.206172 1029
0.206071 1029
0.206071 1028
0.205998 1027
0.205895 1027
0.20578 1027
0.20578 1026
0.205708 1025
0.205708 1024
0.205597 1024
0.205495 1024
0.205405 1023
0.205297 1023
0.205194 1023
0.205194 1022
0.205194 1021
0.205086 1021
0.205001 1020
0.20491 1019
0.20491 1018
0.20491 1017
0.20491 1016
0.204833 1015
0.204833 1014
0.204731 1014
0.204611 1014
0.204512 1014
0.204407 1014
0.204321 1013
0.204321 1012
0.204213 1012
0.204082 1012
0.203982 1012
0.203872 1012
0.203872 1011
0.203806 1010
0.203708 1010
0.203625 1009
0.203521 1009
0.203519 1008
0.203416 1008
0.203321 1007
0.203193 1007
0.203089 1007
0.202965 1007
0.202855 1007
0.202751 1007
0.202751 1006
0.202648 1006
0.202562 1005
0.202477 1004
0.202413 1003
0.202413 1002
0.202413 1001
0.202413 1000
0.202318 999
0.202224 998
0.202124 998
0.202047 997
0.201933 997
0.201816 997
0.201701 997
0.201701 996
0.201579 996
0.201579 995
0.201481 995
0.201441 994
0.201362 993
0.201283 992
0.20115 992
0.20115 991
0.201063 990
0.20096 990
0.20096 989
0.200885 988
0.200798 987
0.200688 987
0.200587 987
0.200466 987
0.200353 987
0.200249 987
0.20017 986
0.200056 986
0.199953 986
0.199755 985
0.199754 984
0.199717 983
0.199615 983
0.199492 983
0.199367 983
0.199282 982
0.199179 982
0.199082 982
0.198994 981
0.198886 981
0.198886 980
0.198793 979
0.198577 978
0.198463 978
0.198344 978
0.198245 978
0.198131 978
0.198131 977
0.198055 976
0.197961 974
0.197863 974
0.197754 974
0.197754 973
0.197662 972
0.197543 972
0.19745 971
0.197334 971
0.197252 970
0.197134 970
0.197029 970
0.196909 970
0.19681 970
0.196692 970
0.196563 970
0.196563 969
0.196458 969
0.196416 968
0.196298 968
0.196173 968
0.19608 967
0.196009 966
0.195933 965
0.195837 964
0.195837 963
0.195717 963
0.195589 963
0.19552 962
0.195406 962
0.19531 961
0.195191 961
0.195094 961
0.194985 961
0.194879 961
0.194879 960
0.194879 959
0.194748 959
0.194666 958
0.194581 957
0.194471 957
0.194352 957
0.194241 957
0.194133 957
0.194037 956
0.193894 956
0.193794 956
0.193737 955
0.193616 955
0.193616 954
0.193536 953
0.193431 953
0.193312 953
0.193202 953
0.193156 952
0.193047 952
0.192922 952
0.19278 952
0.192663 952
0.192663 951
0.192533 951
0.192439 950
0.192439 949
0.192345 948
0.192265 947
0.192165 947
0.192165 946
0.192074 945
0.191954 945
0.191823 945
0.191751 944
0.19166 943
0.191568 942
0.191461 942
0.191333 942
0.191213 942
0.191095 942
0.190975 942
0.190975 941
0.190874 941
0.190761 941
0.19066 941
0.190537 941
0.190434 941
0.190434 940
0.19033 940
0.190215 940
0.190105 940
0.190007 940
0.189889 940
0.189792 939
0.189689 939
0.189658 938
0.189469 937
0.189368 937
0.189364 936
0.18927 935
0.18927 934
0.18927 933
0.189145 933
0.189039 933
0.189039 932
0.188949 931
0.188851 931
0.18873 931
0.188607 931
0.188528 930
0.188293 930
0.188177 930
0.188177 929
0.188177 928
0.188063 928
0.187983 927
0.187885 927
0.187789 926
0.187673 926
0.187673 925
0.187539 925
0.187446 924
0.187381 923
0.187275 923
0.187275 922
0.187163 922
0.187049 922
0.187049 921
0.186942 921
0.18684 921
0.186736 921
0.186644 920
0.186644 919
0.186543 919
0.186438 919
0.186438 918
0.186409 917
0.186289 917
0.186185 917
0.186085 917
0.186085 916
0.185882 916
0.185806 915
0.185673 915
0.185593 914
0.185593 913
0.185471 913
0.18536 913
0.185246 913
0.185085 912
0.18497 912
0.184882 911
0.184777 911
0.184669 911
0.184445 911
0.184353 910
0.18423 910
0.184149 909
0.184149 908
0.184051 908
0.183945 908
0.183838 908
0.18372 908
0.183617 908
0.183521 907
0.183497 906
0.183497 905
0.183387 905
0.18326 905
0.183158 905
0.183037 905
0.183037 904
0.182923 904
0.182923 903
0.182818 903
0.18272 903
0.182596 903
0.182477 903
0.182366 903
0.18226 903
0.18216 903
0.18216 902
0.182056 902
0.181972 901
0.181861 901
0.181733 901
0.181633 901
0.181397 901
0.181243 900
0.181243 899
0.181133 899
0.181055 898
0.180949 898
0.180845 898
0.180736 898
0.180633 898
0.180505 898
0.180416 897
0.180297 897
0.180189 897
0.180189 896
0.180063 896
0.179968 895
0.179851 895
0.179725 895
0.179725 894
0.179607 894
0.179499 894
0.179499 893
0.179401 893
0.179302 893
0.179302 892
0.179205 891
0.179088 891
0.179006 890
0.178903 890
0.178903 889
0.178788 889
0.178659 889
0.17853 889
0.178416 889
0.178319 888
0.178222 888
0.178109 888
0.177992 888
0.177992 887
0.177886 887
0.177774 887
0.177637 887
0.177543 886
0.177433 886
0.17731 886
0.177195 886
0.17708 886
0.176969 886
0.176865 886
0.176759 886
0.176664 885
0.176566 885
0.176467 885
0.176394 884
0.176394 883
0.176281 883
0.176162 883
0.176046 883
0.176018 882
0.175937 881
0.175853 880
0.175736 880
0.17561 880
0.175497 880
0.175401 879
0.175302 879
0.175195 879
0.175195 878
0.175047 878
0.174933 878
0.174821 878
0.174721 878
0.17462 878
0.174535 877
0.17442 877
0.17442 876
0.17442 875
0.174306 875
0.174202 875
0.174202 874
0.174151 873
0.174043 873
0.17394 873
0.173906 872
0.173906 871
0.173812 870
0.173679 870
0.17357 870
0.173473 869
0.17336 869
0.173257 869
0.173158 869
0.173079 868
0.172982 868
0.172982 867
0.172865 867
0.172755 867
0.172625 867
0.172506 867
0.172392 867
0.172392 866
0.172259 866
0.172171 865
0.172171 864
0.172063 864
0.172063 863
0.171957 863
0.171822 863
0.171706 863
0.171626 862
0.171521 862
0.171425 861
0.171425 860
0.171324 860
0.171217 860
0.171088 860
0.170984 860
0.170908 859
0.170908 858
0.170774 858
0.17069 857
0.170583 857
0.170483 857
0.170483 856
0.170365 856
0.170305 855
0.170195 855
0.170087 855
0.169991 854
0.169984 853
0.169863 853
0.169771 852
0.169656 852
0.169585 851
0.169495 850
0.169376 850
0.169251 850
0.169144 850
0.169025 850
0.168923 850
0.168825 850
0.168708 850
0.168708 849
0.168708 848
0.168589 848
0.168473 848
0.168382 847
0.168297 847
0.168189 847
0.168071 847
0.167962 847
0.167838 847
0.167707 847
0.167611 846
0.167493 846
0.167364 845
0.167254 845
0.167137 845
0.167137 844
0.167056 843
0.16695 843
0.16695 842
0.16683 842
0.16683 841
0.166704 841
0.166616 841
0.166514 841
0.166414 841
0.166299 841
0.166219 840
0.166122 840
0.165998 840
0.165912 839
0.165866 838
0.165749 838
0.165635 838
0.165635 837
0.165523 837
0.165433 836
0.16531 836
0.165206 836
0.165096 836
0.164987 836
0.164888 836
0.164779 836
0.164545 836
0.164441 836
0.164372 835
0.164256 835
0.164142 835
0.164051 834
0.163955 833
0.163861 832
0.163646 832
0.163418 832
0.163323 831
0.163191 831
0.163094 830
0.162998 830
0.162998 829
0.16289 829
0.16277 829
0.16277 828
0.162672 828
0.162569 828
0.162569 827
0.162464 827
0.162351 827
0.162224 827
0.162114 827
0.162004 827
0.161923 826
0.161831 825
0.161762 824
0.161678 823
0.16157 823
0.161567 822
0.161565 821
0.161466 821
0.161374 820
0.161255 820
0.161151 820
0.161052 820
0.160941 820
0.160941 819
0.160941 818
0.160828 818
0.160719 818
0.160617 818
0.160495 818
0.160375 818
0.160286 817
0.160286 816
0.160223 815
0.160012 814
0.159892 814
0.159798 813
0.159798 812
0.159798 811
0.159708 810
0.159602 810
0.159602 809
0.159504 809
0.159416 808
0.159302 808
0.15919 808
0.159052 808
0.158944 808
0.158944 807
0.158835 807
0.158835 806
0.158835 805
0.158716 805
0.158634 804
0.158513 804
0.158513 803
0.158392 803
0.158287 803
0.158186 803
0.158069 803
0.158069 802
0.158069 801
0.157953 801
0.157843 801
0.15773 801
0.15773 800
0.157619 800
0.157501 800
0.157392 800
0.15729 800
0.157175 800
0.157064 800
0.157064 799
0.157064 798
0.156961 798
0.156887 797
0.156887 796
0.156887 795
0.156758 795
0.15666 795
0.15666 794
0.156586 793
0.156473 793
0.156372 793
0.156272 793
0.156272 792
0.156173 792
0.156088 791
0.155987 791
0.155886 791
0.155837 789
0.155837 788
0.155794 787
0.155681 787
0.15568 786
0.155568 786
0.155448 786
0.155327 786
0.155327 785
0.155208 785
0.15509 785
0.154979 785
0.154866 785
0.154753 785
0.15464 785
0.15454 785
0.154438 785
0.154325 785
0.154204 785
0.154084 785
0.153989 784
0.15392 783
0.15392 782
0.15392 781
0.15379 781
0.153705 780
0.153602 780
0.153506 779
0.153387 779
0.153387 778
0.153283 778
0.153184 778
0.153059 778
0.152934 778
0.152852 777
0.152737 777
0.152657 776
0.152558 776
0.152558 775
0.152469 774
0.152373 773
0.152261 773
0.152152 773
0.152046 773
0.151946 773
0.151946 772
0.151865 771
0.151865 770
0.151742 770
0.151621 770
0.1515 770
0.151411 769
0.151381 768
0.151318 767
0.151209 767
0.151085 767
0.150973 767
0.15086 767
0.150741 767
0.150643 767
0.150536 767
0.15042 767
0.15042 766
0.150329 765
0.150232 765
0.150232 764
0.150147 763
0.150147 762
0.150147 761
0.150045 761
0.149989 760
0.149989 759
0.149892 758
0.149892 757
0.149774 757
0.149638 757
0.149526 757
0.149505 756
0.149387 756
0.149339 755
0.14921 755
0.149092 755
0.148996 754
0.148908 753
0.148797 753
0.148697 753
0.148623 752
0.148511 752
0.148387 752
0.148271 752
0.148271 751
0.148162 751
0.148078 750
0.147959 750
0.147848 750
0.147732 750
0.147626 750
0.147514 750
0.147404 750
0.147277 750
0.147168 750
0.147095 749
0.147095 748
0.146982 748
0.146867 748
0.146758 748
0.146666 748
0.146666 747
0.146532 747
0.146419 747
0.146315 747
0.146203 747
0.14606 745
0.145978 744
0.145978 743
0.145879 743
0.145755 743
0.145645 743
0.145528 743
0.14542 743
0.145299 743
0.145185 743
0.145081 743
0.145081 742
0.145081 741
0.144977 741
0.14488 741
0.144766 741
0.144582 739
0.144461 739
0.144348 739
0.144214 739
0.14408 739
0.143968 739
0.143862 739
0.143749 739
0.143666 738
0.143536 738
0.143418 738
0.143293 738
0.143197 737
0.143092 737
0.142979 737
0.142875 737
0.142772 737
0.14265 737
0.142562 736
0.142434 736
0.142311 736
0.142311 735
0.14222 734
0.14222 733
0.142115 733
0.142005 733
0.141878 733
0.141776 733
0.141651 733
0.141571 732
0.141448 732
0.141326 732
0.141208 732
0.141117 731
0.141023 730
0.140914 730
0.140914 729
0.140804 729
0.140804 728
0.140804 727
0.140683 727
0.140683 726
0.140566 726
0.140566 725
0.140566 724
0.140443 724
0.140354 723
0.140243 723
0.14017 722
0.14017 721
0.140022 721
0.139972 720
0.139851 720
0.139741 720
0.139741 719
0.139608 719
0.139608 718
0.139608 717
0.139489 717
0.139489 716
0.139378 716
0.139378 715
0.139267 715
0.139175 714
0.139091 713
0.139091 712
0.139003 711
0.139003 710
0.138869 710
0.138763 710
0.13866 710
0.13858 709
0.138474 709
0.138474 708
0.138474 707
0.138369 707
0.138255 707
0.138158 706
0.13804 706
0.137924 706
0.137845 705
0.137739 705
0.137617 705
0.137617 704
0.137503 704
0.137503 703
0.137503 702
0.137503 701
0.137391 701
0.137339 700
0.137244 700
0.137153 699
0.137059 698
0.136951 698
0.13686 697
0.136791 696
0.136703 695
0.136589 695
0.136484 695
0.136484 694
0.136388 693
0.136273 693
0.136144 693
0.136144 692
0.136025 692
0.135913 692
0.135913 691
0.135913 690
0.135851 689
0.135739 689
0.135739 688
0.135629 688
0.135502 688
0.135407 687
0.135316 686
0.13527 685
0.135142 685
0.135043 685
0.134932 685
0.13486 684
0.134747 684
0.134656 683
0.134581 682
0.134572 681
0.134509 680
0.134377 679
0.134287 678
0.134195 677
0.134069 677
0.133958 677
0.133829 677
0.13371 677
0.133601 677
0.133473 677
0.133362 677
0.133256 677
0.133165 676
0.133165 675
0.133165 674
0.13304 674
0.132934 674
0.132833 674
0.132756 673
0.132647 673
0.13254 673
0.132395 673
0.132388 672
0.132266 672
0.132141 672
0.132041 672
0.131935 672
0.131824 672
0.131719 672
0.131633 671
0.131631 670
0.13151 670
0.131416 669
0.131322 668
0.131232 667
0.131106 667
0.131004 667
0.130923 666
0.130817 666
0.130712 666
0.130712 665
0.130602 665
0.130399 664
0.130399 663
0.130399 662
0.130304 661
0.130253 661
0.130253 660
0.130121 660
0.129997 660
0.129879 660
0.129765 660
0.129656 660
0.12954 660
0.129428 660
0.129428 659
0.129317 659
0.12924 658
0.12924 657
0.129111 657
0.129102 656
0.129102 655
0.129007 654
0.128904 654
0.128801 654
0.128694 654
0.128694 653
0.128598 652
0.128509 651
0.128509 650
0.128381 650
0.128275 650
0.128275 649
0.128156 649
0.128045 649
0.128005 648
0.127896 648
0.127896 647
0.127798 647
0.127695 647
0.127565 647
0.127446 647
0.127348 647
0.127231 647
0.127093 647
0.127093 646
0.127093 645
0.127093 644
0.127003 643
0.126915 642
0.126915 641
0.126824 640
0.126824 639
0.126691 639
0.126593 639
0.126593 638
0.126507 637
0.126407 637
0.126287 637
0.126287 636
0.126169 636
0.126058 636
0.125942 636
0.125844 636
0.12574 636
0.12574 635
0.125638 635
0.125638 634
0.125617 633
0.125516 633
0.125417 633
0.125417 632
0.125417 631
0.125313 631
0.125313 630
0.125226 629
0.125118 629
0.125008 629
0.124894 629
0.124789 629
0.12468 629
0.12468 628
0.124547 628
0.124547 627
0.12442 627
0.124311 627
0.124199 627
0.124089 627
0.124089 626
0.124008 625
0.12391 625
0.123803 625
0.123692 625
0.123647 624
0.12353 624
0.123427 624
0.123319 624
0.123219 624
0.123094 624
0.122976 624
0.122865 624
0.122782 623
0.122681 623
0.122681 622
0.122623 621
0.122512 621
0.122393 621
0.122269 621
0.122269 620
0.122154 620
0.122052 620
0.122052 619
0.122052 618
0.121951 618
0.121852 618
0.121723 618
0.121597 618
0.121597 617
0.121497 617
0.121381 617
0.121381 616
0.121381 615
0.121282 614
0.121165 614
0.121065 614
0.121065 613
0.120957 613
0.120847 613
0.120847 612
0.120741 612
0.120657 611
0.120657 610
0.12054 610
0.120441 610
0.120331 610
0.120248 609
0.120248 608
0.120144 608
0.120144 607
0.120127 606
0.120002 606
0.120002 605
0.119995 604
0.11989 604
0.119776 604
0.119638 604
0.119529 604
0.119404 604
0.119278 604
0.119174 604
0.119056 604
0.11896 603
0.11896 602
0.118869 601
0.118758 601
0.118641 601
0.118524 601
0.118524 600
0.118415 600
0.118321 599
0.11821 599
0.118102 599
0.118013 598
0.117892 598
0.117765 598
0.117765 597
0.117655 597
0.117547 597
0.117466 596
0.117466 595
0.117342 595
0.117221 595
0.11713 594
0.117044 593
0.116967 592
0.116967 591
0.116834 591
0.116834 590
0.116739 589
0.116638 589
0.116506 589
0.11637 589
0.11637 588
0.116261 588
0.11618 587
0.116079 587
0.115977 587
0.115863 587
0.115772 586
0.115675 586
0.115675 585
0.115621 584
0.115526 583
0.115432 582
0.115297 582
0.115206 581
0.115081 581
0.114997 580
0.114997 579
0.1149 579
0.114789 579
0.114658 579
0.114589 578
0.114479 578
0.114378 578
0.114273 578
0.114144 578
0.114052 577
0.113949 577
0.113847 577
0.113737 577
0.113622 577
0.113533 576
0.113352 575
0.113352 574
0.113317 573
0.113203 573
0.113104 573
0.112988 573
0.112875 573
0.112761 573
0.112622 573
0.112518 573
0.112406 573
0.112287 573
0.112287 572
0.112225 571
0.112092 571
0.111976 571
0.111885 570
0.111776 570
0.111673 570
0.111559 570
0.111559 569
0.111445 569
0.111321 569
0.111321 568
0.111231 567
0.111142 566
0.111052 565
0.110926 565
0.110814 565
0.110814 564
0.110814 563
0.110814 562
0.11072 561
0.110612 561
0.110471 561
0.110336 561
0.110222 561
0.110131 560
0.110007 560
0.109903 560
0.109784 560
0.109671 560
0.109671 559
0.109588 558
0.109484 558
0.109397 557
0.109397 556
0.109397 555
0.109397 554
0.109397 553
0.109279 553
0.109154 553
0.109154 552
0.109044 552
0.108921 552
0.108797 552
0.108797 551
0.108797 550
0.108677 550
0.108677 549
0.108578 549
0.108578 548
0.108464 548
0.108375 547
0.108256 547
0.108235 546
0.108134 546
0.108027 546
0.107957 545
0.107954 544
0.107954 543
0.107837 543
0.107753 542
0.107637 542
0.107552 541
0.107486 540
0.107486 539
0.107404 538
0.107391 537
0.107273 537
0.107273 536
0.107171 536
0.107067 536
0.106982 535
0.10687 535
0.106785 534
0.106682 534
0.106682 533
0.10663 532
0.106516 532
0.106404 532
0.106404 531
0.106307 530
0.106195 530
0.106107 529
0.106107 528
0.106028 527
0.105936 526
0.105839 526
0.105647 525
0.105589 524
0.105466 524
0.105366 524
0.105366 523
0.105266 523
0.105143 523
0.105017 523
0.104896 523
0.104782 523
0.104678 523
0.104569 523
0.104476 522
0.104358 522
0.104258 522
0.104258 521
0.104162 520
0.104162 519
0.104063 519
0.10395 519
0.103857 518
0.103857 517
0.103735 517
0.103645 516
0.103504 514
0.103504 513
0.103372 513
0.103262 513
0.103262 512
0.103144 512
0.103029 512
0.102944 511
0.102846 511
0.102755 510
0.102755 509
0.102633 509
0.102549 508
0.102459 506
0.102355 506
0.102355 505
0.102355 504
0.102248 504
0.102133 504
0.102133 503
0.10202 503
0.10202 501
0.101917 501
0.101817 501
0.101702 501
0.101687 500
0.101593 499
0.101521 498
0.101521 497
0.101396 497
0.101288 497
0.101159 497
0.101159 496
0.101056 496
0.101002 495
0.100906 494
0.100778 494
0.100667 494
0.100569 494
0.100569 493
0.100439 493
0.100439 492
0.100439 491
0.10036 490
0.100254 490
0.100148 490
0.100056 489
0.100056 488
0.0999279 488
0.0998066 488
0.099711 487
0.0996002 487
0.0996002 486
0.0995425 485
0.0994434 485
0.0994434 484
0.0993514 483
0.0992522 483
0.0991355 483
0.0990398 482
0.0989265 482
0.0989265 481
0.0988595 481
0.0987675 480
0.0986535 480
0.098515 480
0.0983932 480
0.0982889 479
0.0980847 478
0.0979691 478
0.0978333 478
0.0977134 478
0.0976006 478
0.0976006 477
0.0976006 476
0.0974842 476
0.0974842 475
0.0974842 474
0.0974842 473
0.0973623 473
0.0973623 472
0.0972468 472
0.0971597 471
0.0970499 471
0.096935 471
0.0968253 471
0.0968253 470
0.096748 469
0.0966444 469
0.0965361 469
0.0964307 469
0.09632 469
0.0961996 469
0.0960921 469
0.0959939 469
0.0959939 468
0.0959939 467
0.0958943 467
0.0957937 467
0.0956856 467
0.0955721 467
0.0954656 467
0.0953787 466
0.0952652 466
0.0951783 465
0.0950712 465
0.0950712 464
0.0950026 463
0.0949333 462
0.0949255 461
0.0948155 461
0.0947085 461
0.0946028 461
0.094475 461
0.0943608 461
0.0942291 461
0.0941524 460
0.0941524 459
0.0940218 459
0.0940218 458
0.0939221 458
0.0939221 457
0.093845 456
0.093723 456
0.093723 455
0.093607 455
0.0935029 455
0.0935029 454
0.0933756 454
0.0932644 454
0.0932644 453
0.0931683 452
0.0931683 451
0.0930578 451
0.092991 450
0.092865 450
0.0927497 450
0.0926408 450
0.092517 450
0.092392 450
0.0922835 450
0.0921873 449
0.0920959 448
0.0919741 448
0.0919741 447
0.0918775 446
0.091773 446
0.091684 445
0.0915847 445
0.0915847 444
0.0915011 443
0.0913852 443
0.0911421 443
0.0910423 443
0.0910423 442
0.0909567 441
0.0908481 441
0.0907542 440
0.090637 440
0.0906228 439
0.0905141 439
0.0904067 439
0.0902859 439
0.0901803 439
0.0900785 439
0.0899651 439
0.0899651 438
0.0898396 438
0.0897475 437
0.0896368 437
0.0896368 436
0.0895331 436
0.0894379 435
0.0893563 434
0.0892459 434
0.0891198 434
0.0891198 433
0.0890071 433
0.0888929 433
0.0888039 432
0.0888039 431
0.0888039 430
0.088674 430
0.0885611 430
0.0885611 429
0.0884903 428
0.0883904 428
0.0883038 427
0.0881917 427
0.0880852 427
0.0880852 426
0.0880852 425
0.0879834 425
0.0878978 424
0.0878914 423
0.0877907 423
0.0877461 422
0.0876405 422
0.0876405 421
0.0875345 421
0.0874387 420
0.087313 420
0.087313 419
0.0871988 419
0.0870884 419
0.0869714 419
0.0868991 418
0.0867994 418
0.0867103 417
0.0865872 416
0.0865872 415
0.0864704 415
0.0863482 415
0.0862278 415
0.0862278 414
0.0862278 413
0.0861403 412
0.0860382 412
0.0859306 412
0.0859306 411
0.0858391 410
0.0858391 409
0.0857441 408
0.0856664 407
0.0855465 407
0.0854379 407
0.0853311 407
0.0853311 406
0.085226 406
0.0851322 405
0.085005 405
0.084895 405
0.084789 405
0.0846727 405
0.0845505 405
0.0844281 405
0.0843087 405
0.0843087 404
0.0843087 403
0.0841904 403
0.0841063 402
0.0839943 402
0.0839034 401
0.0839034 400
0.0837971 400
0.0836835 400
0.0835697 400
0.083442 400
0.083442 399
0.083442 398
0.083442 397
0.0833411 397
0.0832427 397
0.0831438 397
0.083041 397
0.0829546 396
0.0828504 396
0.0827462 396
0.0826612 395
0.0826612 394
0.0825502 394
0.082466 393
0.0823422 393
0.0823361 392
0.0823361 391
0.0822256 391
0.0821346 390
0.0820395 389
0.0819531 388
0.0818693 387
0.0817439 387
0.0816316 387
0.0816316 386
0.0815111 386
0.0813914 386
0.0813013 386
0.0813013 385
0.0811895 385
0.0810576 385
0.0809492 385
0.0808235 385
0.0807285 384
0.0807285 383
0.0807285 382
0.0806403 381
0.080537 381
0.0804185 381
0.0802999 381
0.0802101 380
0.0800701 380
0.0799821 379
0.0798875 378
0.0798875 377
0.0797829 377
0.0796872 376
0.0795874 376
0.0794583 376
0.0793955 375
0.0792479 375
0.0791564 374
0.0791564 373
0.0791564 372
0.0790652 371
0.0789554 371
0.0788941 370
0.0787796 370
0.0786895 369
0.0785706 369
0.0784534 369
0.0783559 369
0.0782584 369
0.0781625 368
0.078043 368
0.0779219 368
0.0778079 368
0.0776949 368
0.0776949 367
0.077583 367
0.0774536 367
0.0774536 366
0.0773276 366
0.077222 366
0.077222 365
0.077222 364
0.077113 364
0.077113 363
0.076994 363
0.0768685 363
0.076754 363
0.0767451 362
0.0766229 362
0.0765083 362
0.0765083 361
0.0764233 360
0.0764233 359
0.0763093 359
0.0761772 359
0.0760774 359
0.0759696 359
0.0759696 358
0.0758501 358
0.075731 358
0.0755999 358
0.0754731 358
0.0753781 357
0.0753781 356
0.0752723 356
0.0752723 355
0.0751489 355
0.0750362 355
0.0749326 355
0.0748524 354
0.0748494 353
0.0747573 352
0.0746469 352
0.0745196 352
0.0744128 352
0.0743046 352
0.0743046 351
0.0742234 350
0.0741235 350
0.0739894 350
0.0738749 350
0.0737495 350
0.0737495 349
0.0736169 349
0.0736169 348
0.073524 347
0.073524 346
0.0734008 346
0.073327 345
0.073327 344
0.0732071 344
0.0732071 343
0.073092 343
0.0729734 343
0.0729079 342
0.0727963 342
0.0726659 342
0.0725374 342
0.0724297 342
0.0723096 342
0.0723096 341
0.0721961 341
0.0720912 341
0.0719611 341
0.071844 341
0.071844 340
0.071844 339
0.0717287 339
0.071617 339
0.0715098 339
0.0714123 339
0.0714123 338
0.0712722 338
0.0711567 338
0.0711567 337
0.0710528 337
0.0709248 337
0.0708304 336
0.0707264 336
0.0706204 336
0.0705031 336
0.0702858 336
0.0701668 336
0.0700562 336
0.0700562 335
0.0699782 334
0.0699782 333
0.0698758 333
0.0697682 333
0.0696654 333
0.0696654 332
0.0696654 331
0.0695591 331
0.0694689 330
0.0693408 330
0.0693408 329
0.0692387 329
0.0691181 329
0.0690019 329
0.0688808 329
0.0687685 329
0.0687685 328
0.0687685 327
0.0686777 326
0.068566 326
0.0684774 325
0.0683594 325
0.068293 324
0.0681896 324
0.068099 323
0.0679979 323
0.0678749 323
0.0677779 323
0.0676995 322
0.0676995 321
0.0676995 320
0.0675809 320
0.0674699 320
0.0674699 319
0.067362 319
0.0672535 319
0.0671521 319
0.0670562 318
0.0670562 317
0.0670248 316
0.0669182 316
0.0668098 316
0.0667236 315
0.0667236 314
0.0666169 314
0.0665559 313
0.0664294 313
0.0663129 313
0.0662074 313
0.066084 313
0.0659923 312
0.0658746 312
0.0657615 312
0.0656727 311
0.0656727 310
0.065569 310
0.065459 310
0.065459 309
0.0653403 309
0.0652256 309
0.0652256 308
0.0651034 308
0.0651034 307
0.0649936 307
0.0648861 307
0.0647748 307
0.064675 307
0.0645617 307
0.0644503 307
0.0643247 307
0.0642379 306
0.0641394 306
0.0640386 306
0.0639223 306
0.063806 306
0.0637033 306
0.0636126 305
0.0636126 304
0.063558 303
0.063558 302
0.0634687 301
0.0633385 301
0.0632278 301
0.0631379 301
0.0630291 301
0.062921 301
0.0628162 301
0.0627075 301
0.0627075 300
0.0625882 300
0.0624704 300
0.0623494 300
0.0622119 300
0.0620979 300
0.0619721 300
0.0618669 300
0.0618648 299
0.0618321 298
0.0617356 297
0.0617356 296
0.0616185 296
0.0615052 296
0.0613795 296
0.0612725 296
0.0612725 295
0.0612705 294
0.061181 293
0.0610714 293
0.0609589 293
0.0609589 292
0.0609011 290
0.0607988 290
0.0607003 290
0.0606192 289
0.0605422 288
0.0605422 287
0.060438 287
0.0603009 287
0.0603009 286
0.0601932 286
0.0601104 285
0.0601104 284
0.0600085 284
0.0599143 283
0.0598249 281
0.0597882 280
0.0596714 280
0.0595853 279
0.0594903 278
0.0593728 278
0.0592763 277
0.0591534 277
0.0590547 277
0.05894 277
0.05894 276
0.05894 275
0.0588307 275
0.0588307 274
0.0588307 273
0.0587002 273
0.0585841 273
0.0583847 272
0.058284 272
0.0581755 272
0.0580625 272
0.0579544 272
0.0578463 272
0.0577321 272
0.0577321 271
0.0577321 270
0.057602 270
0.0575061 269
0.0575061 268
0.057421 267
0.0573153 267
0.0572139 267
0.0570917 267
0.0569872 267
0.0568864 267
0.056801 266
0.0566954 266
0.0565706 266
0.0564789 265
0.0564097 264
0.0564096 263
0.0563102 263
0.0562107 263
0.0560999 263
0.0559816 263
0.0558698 263
0.0558698 262
0.0557534 262
0.0557534 261
0.0557534 260
0.0557534 259
0.0556256 259
0.0555127 259
0.0554109 259
0.0553083 259
0.0552518 258
0.0551101 258
0.0551101 257
0.055015 256
0.0548966 256
0.0548031 255
0.0546972 255
0.0546493 254
0.0546493 253
0.0545758 252
0.0544663 252
0.0543706 251
0.0542429 251
0.0541499 250
0.0540822 249
0.053986 248
0.0538844 248
0.0537815 248
0.0536736 248
0.05359 247
0.0535236 246
0.0534217 246
0.053375 245
0.0532687 245
0.0531574 245
0.0530591 245
0.0529309 245
0.0529309 244
0.0528428 243
0.0527333 243
0.0526005 243
0.0525033 243
0.0524181 242
0.0523097 242
0.0522115 242
0.0521015 242
0.0519856 242
0.0519801 241
0.0518678 241
0.0517678 241
0.0516937 240
0.0515986 239
0.0514836 239
0.0513815 239
0.0512842 239
0.0512842 238
0.0512842 237
0.0511316 237
0.0510238 237
0.0509429 236
0.0508474 235
0.0507417 235
0.0506278 235
0.050488 235
0.050384 235
0.0502699 235
0.0501463 235
0.0500339 235
0.050005 234
0.050005 233
0.0499007 233
0.0497736 233
0.0496835 232
0.0495711 232
0.049462 232
0.049462 231
0.0493763 229
0.0492478 229
0.0492478 228
0.0492478 227
0.0492478 226
0.0491446 226
0.04903 226
0.0489351 225
0.0488147 225
0.0487168 225
0.0486054 225
0.0484944 225
0.0483709 225
0.0482662 225
0.0482662 224
0.0481859 223
0.0481859 222
0.0481859 221
0.048099 220
0.048099 219
0.0480084 218
0.0479144 217
0.0479144 216
0.0478077 216
0.0477043 216
0.0475885 216
0.0474678 216
0.047356 216
0.047238 216
0.0471184 216
0.0470035 216
0.0468724 216
0.046754 216
0.0466276 216
0.0466276 215
0.0466276 214
0.0465291 214
0.0464075 214
0.0463129 213
0.0460784 213
0.0460026 212
0.0458951 212
0.0458951 211
0.0458951 209
0.0457772 209
0.045775 208
0.0456887 207
0.0455651 207
0.0454506 207
0.0453442 207
0.0452192 207
0.0451158 207
0.0449869 207
0.0448669 207
0.0447582 207
0.0446571 207
0.0446571 206
0.0445384 206
0.0444429 205
0.0443172 205
0.044191 205
0.0440669 205
0.0439641 205
0.0438623 205
0.0437787 204
0.0436834 203
0.0435765 203
0.0434644 203
0.0433768 202
0.043282 201
0.0432745 200
0.0432745 199
0.0431662 199
0.0431662 198
0.0431639 197
0.0430544 197
0.0429519 197
0.0428615 196
0.0427419 196
0.0426143 196
0.0426143 195
0.0424999 195
0.0424007 195
0.042249 195
0.0421311 195
0.0420271 195
0.0419114 195
0.0418088 195
0.0417053 195
0.041624 194
0.0415142 194
0.041432 193
0.0413965 192
0.0413965 191
0.0413965 190
0.0413965 189
0.0413072 188
0.0411844 188
0.0410663 188
0.0409873 187
0.0408793 187
0.0408119 186
0.0408119 185
0.0407285 184
0.0406497 183
0.0406337 182
0.0405281 182
0.0404199 182
0.0403243 181
0.0402163 181
0.0400956 180
0.039967 180
0.039967 179
0.0398395 179
0.0397203 179
0.0396147 179
0.0395178 179
0.0395169 178
0.0394278 177
0.0392832 177
0.0392832 176
0.0391882 175
0.0391697 174
0.0391114 173
0.0390157 172
0.0389104 172
0.0388156 171
0.0388156 170
0.0388155 169
0.0388155 168
0.0386985 168
0.0385829 168
0.038466 168
0.0383668 168
0.0382658 168
0.0381453 168
0.0380135 168
0.0380135 167
0.0378809 167
0.0377743 167
0.0377743 166
0.037754 165
0.0376955 164
0.0375919 164
0.0374771 164
0.0373893 163
0.0372498 163
0.037163 162
0.0370435 162
0.0369364 162
0.0368267 162
0.0367109 162
0.036579 162
0.036451 162
0.0364487 161
0.0363153 161
0.0363153 160
0.0362089 160
0.0360998 160
0.0360379 159
0.0359229 159
0.0358063 159
0.0357119 158
0.0356197 157
0.0355119 157
0.0355117 156
0.0354338 155
0.0353599 154
0.0352501 154
0.0351885 153
0.0350641 153
0.0350563 152
0.0349396 152
0.0348329 152
0.0347248 152
0.0346282 151
0.0345146 151
0.0344789 150
0.0343958 149
0.0342895 149
0.0341553 149
0.0341434 148
0.0341434 147
0.0340458 147
0.0339309 147
0.0338404 146
0.0337218 146
0.0336567 145
0.0335517 145
0.0334389 145
0.03332 145
0.0331998 145
0.0330928 145
0.0329904 145
0.0328808 145
0.0327673 145
0.0326565 145
0.0326565 144
0.032538 144
0.032538 143
0.0324274 143
0.0324274 142
0.0323394 141
0.0322794 140
0.0321795 140
0.0321792 139
0.0320575 139
0.0319472 139
0.0318509 138
0.0318509 137
0.0317305 137
0.0316174 137
0.0315032 137
0.0313778 137
0.0312829 136
0.0311659 136
0.031068 136
0.0309445 136
0.0308192 136
0.0306993 136
0.0305866 136
0.030472 136
0.0303534 136
0.0303534 135
0.0302498 135
0.0301221 135
0.0300175 135
0.0298962 135
0.0297879 135
0.0297879 134
0.0296807 134
0.0295523 134
0.0294228 134
0.0292983 134
0.0291961 134
0.0290932 134
0.0289912 134
0.0288778 134
0.0288754 133
0.0287685 133
0.0286513 133
0.0285652 132
0.0284501 132
0.0283616 131
0.0282538 131
0.0281849 130
0.0280582 130
0.0280582 129
0.0279665 128
0.0278436 128
0.0278436 127
0.0276989 127
0.0276017 127
0.0274768 127
0.0273967 126
0.0272897 126
0.0271757 126
0.0270876 125
0.0269826 125
0.0269826 124
0.0268835 124
0.026852 123
0.0267235 123
0.0266276 122
0.0266276 121
0.0266202 120
0.0265402 119
0.0265402 118
0.0264325 118
0.0264325 117
0.0263434 116
0.0263434 115
0.0262341 115
0.0261212 115
0.0261212 114
0.0260007 114
0.0260007 113
0.0259036 113
0.0258069 113
0.0257091 113
0.025585 113
0.025585 112
0.0254643 112
0.0253545 112
0.0252267 112
0.0251247 112
0.0250135 112
0.0249134 112
0.0248019 112
0.0248019 111
0.0247094 110
0.0246087 110
0.0245049 110
0.0243883 110
0.0242926 109
0.0242194 108
0.0240988 108
0.0239844 108
0.0239844 107
0.0238829 107
0.0237925 106
0.0237925 105
0.0236933 105
0.0236933 104
0.0235822 104
0.0234852 104
0.0234852 103
0.0233725 103
0.0232652 103
0.0231554 103
0.0230673 102
0.0229624 102
0.0228475 102
0.0227375 102
0.0227375 101
0.0226242 101
0.0225409 100
0.0224346 100
0.0224346 99
0.0223343 99
0.0222503 98
0.0221318 98
0.0220111 98
0.021914 98
0.0217808 98
0.0216604 98
0.0215217 98
0.0213987 98
0.0213975 97
0.0212863 97
0.0211562 97
0.0210592 97
0.0209416 97
0.0208341 97
0.0207636 96
0.0207636 95
0.0206449 95
0.0206449 94
0.0205255 94
0.0204114 94
0.0202837 94
0.02018 94
0.0200942 93
0.0200919 92
0.0200031 91
0.0198967 91
0.0198967 90
0.0197859 89
0.0196695 89
0.0195718 89
0.0195696 88
0.0194489 88
0.0194489 87
0.0193651 86
0.0192269 86
0.0192269 85
0.0191124 85
0.019101 84
0.0189578 84
0.0188386 84
0.0187234 84
0.0186436 83
0.0185261 83
0.0183892 83
0.0182647 83
0.0181468 83
0.0180186 83
0.0179229 82
0.0178005 82
0.0176697 82
0.0175623 82
0.0174992 81
0.0174992 80
0.0174041 79
0.0174041 78
0.0172969 78
0.0172439 77
0.0171344 77
0.0170269 77
0.0169123 77
0.0167981 77
0.0167981 76
0.01669 76
0.0165809 76
0.0165809 75
0.0165809 74
0.0164745 74
0.016473 73
0.0163557 73
0.0161261 73
0.016016 73
0.016016 72
0.0160002 71
0.0159998 70
0.0158815 70
0.0158671 69
0.0157703 69
0.0156551 69
0.0156551 68
0.0155513 68
0.0154712 67
0.0153627 67
0.0152431 67
0.0151216 67
0.0151216 66
0.0150261 65
0.0149401 64
0.0149401 63
0.0148179 63
0.0147023 63
0.0145803 63
0.014469 63
0.0143832 62
0.0142691 62
0.0141717 62
0.0140697 62
0.0139809 61
0.0138573 61
0.0138573 60
0.0137488 60
0.0136326 60
0.0135222 60
0.0134061 60
0.0132871 60
0.0132871 59
0.0131841 59
0.013103 58
0.0129717 58
0.0128647 57
0.0128647 56
0.0128647 55
0.0127441 55
0.0127441 54
0.0126615 53
0.0125295 53
0.0123941 53
0.012371 52
0.0122597 52
0.0121409 52
0.0121409 51
0.0120058 51
0.0119171 50
0.0118124 50
0.0116868 50
0.0115876 50
0.0114875 50
0.0113983 49
0.0112903 49
0.0112903 48
0.0112039 47
0.0112039 46
0.0110745 46
0.0109539 46
0.0108436 46
0.0107225 46
0.0106271 45
0.0105055 45
0.0105041 44
0.0104124 43
0.0103153 43
0.0101932 43
0.010078 43
0.009986 42
0.009986 41
0.00987258 41
0.00974837 41
0.00962731 41
0.00951624 41
0.00943521 40
0.00943521 39
0.00931858 39
0.00931858 38
0.00921545 38
0.00908999 38
0.00897194 38
0.00892474 37
0.00892474 36
0.00881824 36
0.00870605 36
0.00855643 36
0.00845081 36
0.0083409 36
0.00824391 36
0.00812172 36
0.00802436 36
0.00789489 36
0.00779371 36
0.00769356 36
0.00760802 35
0.00751331 34
0.00739975 34
0.00728874 34
0.00728874 33
0.00728874 32
0.00717352 32
0.00704675 32
0.00696205 31
0.00687871 30
0.00687871 29
0.00677287 29
0.00677287 28
0.00669885 27
0.00660697 26
0.00650674 26
0.00640002 26
0.00626271 26
0.0061527 26
0.00601811 26
0.00588065 26
0.00588065 25
0.00576281 25
0.00568885 24
0.00568885 23
0.00562128 22
0.00550563 22
0.00537499 22
0.00527046 22
0.00527046 21
0.00527046 20
0.0051444 20
0.00504904 19
0.0049441 19
0.0048308 19
0.0048308 18
0.00471368 18
0.00459356 18
0.00459356 17
0.00450016 16
0.0043878 16
0.00426664 16
0.00414112 16
0.00400015 16
0.00391417 15
0.00379369 15
0.00366818 15
0.00354677 15
0.00346408 14
0.00334283 14
0.0032253 14
0.0032253 13
0.0032253 12
0.00310542 12
0.00300221 12
0.00299761 11
0.00299761 10
0.00287602 10
0.00276217 10
0.00270033 9
0.00258809 9
0.00248755 9
0.00235971 9
0.00223211 9
0.00211555 9
0.00204371 8
0.00192895 8
0.00182271 8
0.00172867 7
0.0016539 6
0.00156477 5
0.00145181 5
0.00136013 4
0.00124462 4
0.00111197 4
0.0010791 3
0.000999673 2
0.000917856 1
0.000897736 0
0.000782586 0
0.000672988 0
0.000560525 0
0.000451286 0
0.000326058 0
0.000215836 0
0.000109485 0
0 0
0 0
0 0
0 0
0 0
0 0
0 0
0 0
0 0
0 0
0 0
0 0
0 0
0 0
0 0
0 0
0 0
0 0
0 0
0 0
0 0
0 0
0 0
0 0
0 0
0 0
0 0
0 0
0 0
0 0
0 0
0 0
0 0
0 0
0 0
0 0
0 0
0 0
0 0
0 0
0 0
0 0
0 0
0 0
0 0
0 0
0 0
0 0
0 0
0 0
0 0
0 0
0 0
0 0
0 0
0 0
0 0
0 0
0 0
0 0
0 0
0 0
0 0
0 0
0 0
0 0
0 0
0 0
0 0
0 0
0 0
0 0
0 0
0 0
0 0
0 0
